2.909200000000000000e+04 3.533170631101333559e+00 5.763096383885604190e+00 1.000000000000000000e+00 8.470000000000000000e+03 1.631140124723943652e+00 1.112570000000000000e+05
2.845900000000000000e+04 3.571699638075828354e+00 5.915351909764924976e+00 2.000000000000000000e+00 7.785000000000000000e+03 1.656172833433352753e+00 1.094320000000000000e+05
2.783600000000000000e+04 3.676677683575226396e+00 6.035134358384825148e+00 2.524141259297110196e+00 8.136000000000000000e+03 1.641464081919799867e+00 1.104800000000000000e+05
2.793600000000000000e+04 3.632373997709049451e+00 6.019866838487972771e+00 3.041872480554136171e+00 7.959000000000000000e+03 1.657281668210575987e+00 1.094330000000000000e+05
2.756600000000000000e+04 3.715410288035986497e+00 6.094173982442138815e+00 3.450598989382842152e+00 8.138000000000000000e+03 1.640242533123736690e+00 1.105570000000000000e+05
2.789900000000000000e+04 3.631958134700168372e+00 6.023692605469729955e+00 3.853539998864475180e+00 8.075000000000000000e+03 1.658524790778461933e+00 1.094030000000000000e+05
2.759400000000000000e+04 3.707327679930419784e+00 6.090853084003769347e+00 4.204388803724521395e+00 8.059000000000000000e+03 1.642922776148582731e+00 1.103590000000000000e+05
2.775900000000000000e+04 3.658633236067581507e+00 6.052199286717820925e+00 4.551859422017828116e+00 8.127000000000000000e+03 1.654224103977944171e+00 1.096870000000000000e+05
2.753600000000000000e+04 3.712558105752469473e+00 6.097980825101685376e+00 4.865054221313802607e+00 8.216000000000000000e+03 1.642528049770613174e+00 1.104450000000000000e+05
2.778700000000000000e+04 3.659229135926872267e+00 6.046280634829236611e+00 5.177130528586839198e+00 8.122000000000000000e+03 1.652337257447457075e+00 1.098010000000000000e+05
2.749200000000000000e+04 3.730830787138076587e+00 6.109704641350210963e+00 5.466462272185317772e+00 8.162000000000000000e+03 1.637625770220731525e+00 1.107300000000000000e+05
2.758900000000000000e+04 3.691906194497807103e+00 6.091268259088767678e+00 5.751416567308238470e+00 8.078000000000000000e+03 1.649897895067546472e+00 1.099340000000000000e+05
2.749400000000000000e+04 3.726994980723066675e+00 6.112860987851894912e+00 6.019326633736445054e+00 8.063000000000000000e+03 1.640158095052210552e+00 1.105330000000000000e+05
2.759400000000000000e+04 3.694462564325577958e+00 6.087410306588388664e+00 6.285385794583546293e+00 8.154000000000000000e+03 1.647712001569473728e+00 1.100990000000000000e+05
2.750300000000000000e+04 3.718030760280696789e+00 6.109297167581718035e+00 6.539607108385851575e+00 8.106000000000000000e+03 1.643154013906138244e+00 1.103630000000000000e+05
2.763800000000000000e+04 3.675627758882697549e+00 6.077357261741081373e+00 6.791625503889172855e+00 8.164000000000000000e+03 1.653420221091281617e+00 1.097510000000000000e+05
2.743900000000000000e+04 3.721199752177557496e+00 6.120266773570465446e+00 7.035013910179980456e+00 8.196000000000000000e+03 1.644702564002115563e+00 1.103020000000000000e+05
2.777300000000000000e+04 3.660677636553486991e+00 6.050984769380333361e+00 7.274371203088628057e+00 8.076000000000000000e+03 1.652968485659204623e+00 1.097440000000000000e+05
2.751200000000000000e+04 3.723865949403896369e+00 6.107916545507414696e+00 7.505575427241241826e+00 8.089000000000000000e+03 1.640208489912250656e+00 1.105400000000000000e+05
2.770400000000000000e+04 3.677952642217730439e+00 6.069340167484839732e+00 7.737267927099301446e+00 7.985000000000000000e+03 1.650195300999077297e+00 1.098790000000000000e+05
2.752300000000000000e+04 3.712422337681211992e+00 6.107582748973586106e+00 7.961727133367398679e+00 8.031000000000000000e+03 1.645174550045509498e+00 1.102080000000000000e+05
2.754800000000000000e+04 3.697183098591549477e+00 6.099317554813416642e+00 8.184375177425765813e+00 8.106000000000000000e+03 1.649720176730485877e+00 1.099560000000000000e+05
2.754900000000000000e+04 3.708882355076409176e+00 6.101491887182837637e+00 8.401118492022938256e+00 8.040000000000000000e+03 1.645102568117757569e+00 1.102160000000000000e+05
2.753100000000000000e+04 3.696269659656387319e+00 6.100686498855835360e+00 8.615732697439391075e+00 8.172000000000000000e+03 1.650498221339989469e+00 1.099340000000000000e+05
2.731600000000000000e+04 3.737406648118319019e+00 6.145958412651925329e+00 8.823459944359280271e+00 8.247000000000000000e+03 1.644444662115171596e+00 1.103380000000000000e+05
2.750200000000000000e+04 3.691476983492109731e+00 6.104574212784524612e+00 9.030920342928519418e+00 8.242000000000000000e+03 1.653694236773932902e+00 1.097650000000000000e+05
2.731800000000000000e+04 3.736474119628084178e+00 6.150669887985943163e+00 9.233577471186055874e+00 8.106000000000000000e+03 1.646116015008866063e+00 1.101790000000000000e+05
2.747800000000000000e+04 3.704818400174685333e+00 6.117439406070310781e+00 9.436632033157327015e+00 8.035000000000000000e+03 1.651211677684895074e+00 1.098360000000000000e+05
2.754000000000000000e+04 3.701053013798111913e+00 6.102178649237472996e+00 9.635831488105376152e+00 8.076000000000000000e+03 1.648768236090535355e+00 1.100030000000000000e+05
2.750500000000000000e+04 3.701072532266860726e+00 6.109361934193782595e+00 9.833810253789813771e+00 8.092000000000000000e+03 1.650700406687753974e+00 1.098900000000000000e+05
2.731500000000000000e+04 3.734431630971993599e+00 6.149112209408749585e+00 1.002950661443252223e+01 8.167000000000000000e+03 1.646599219653745783e+00 1.101730000000000000e+05
2.750700000000000000e+04 3.699094775875231722e+00 6.107645326644126627e+00 1.022435133140294106e+01 8.127000000000000000e+03 1.651118907922280776e+00 1.098780000000000000e+05
2.724700000000000000e+04 3.749183396337211427e+00 6.163247329981282441e+00 1.041364333163004652e+01 8.200000000000000000e+03 1.643890596550306338e+00 1.103540000000000000e+05
2.741800000000000000e+04 3.711868115836312043e+00 6.132212415201692579e+00 1.060168057684664689e+01 7.997000000000000000e+03 1.652055575207326266e+00 1.097690000000000000e+05
2.721300000000000000e+04 3.756586925366552698e+00 6.177231470253187418e+00 1.078661783909612204e+01 8.029000000000000000e+03 1.644373361505653941e+00 1.102570000000000000e+05
2.738400000000000000e+04 3.722100496640373901e+00 6.136137890739117751e+00 1.097029466871061132e+01 8.098000000000000000e+03 1.648568569354237345e+00 1.100240000000000000e+05
2.740300000000000000e+04 3.736744152100134997e+00 6.137758639565011443e+00 1.115150173167546654e+01 7.937000000000000000e+03 1.642541846520439996e+00 1.103350000000000000e+05
2.747300000000000000e+04 3.713500527790921879e+00 6.120190732719397175e+00 1.133244762391415428e+01 7.990000000000000000e+03 1.648092059477950677e+00 1.100110000000000000e+05
2.729400000000000000e+04 3.743057082142595249e+00 6.153330402286217193e+00 1.151109975586214773e+01 8.181000000000000000e+03 1.643931756115227794e+00 1.103440000000000000e+05
2.740400000000000000e+04 3.721573492920741355e+00 6.133520653919135590e+00 1.168824163969795116e+01 8.047000000000000000e+03 1.648098758653148366e+00 1.100330000000000000e+05
2.732100000000000000e+04 3.741005087661505968e+00 6.152337030123348427e+00 1.186419122239255053e+01 8.042000000000000000e+03 1.644567939887288555e+00 1.102500000000000000e+05
2.749100000000000000e+04 3.705030737332217772e+00 6.111309155723691156e+00 1.203999318685062114e+01 8.124000000000000000e+03 1.649462471159982346e+00 1.099790000000000000e+05
2.739100000000000000e+04 3.725749333722755630e+00 6.132707823737724162e+00 1.221359223300970953e+01 8.149000000000000000e+03 1.646033394739936595e+00 1.102010000000000000e+05
2.746200000000000000e+04 3.700968611171801204e+00 6.113902847571189625e+00 1.238705501618122895e+01 8.230000000000000000e+03 1.651973710102719428e+00 1.098660000000000000e+05
2.746200000000000000e+04 3.715825504333260643e+00 6.122205229043769847e+00 1.255816726281723739e+01 8.002000000000000000e+03 1.647602994786562691e+00 1.100460000000000000e+05
2.750400000000000000e+04 3.699970913321698696e+00 6.109111401977894040e+00 1.272747402486799473e+01 8.105000000000000000e+03 1.651124169647419482e+00 1.098690000000000000e+05
2.730200000000000000e+04 3.741447513002710501e+00 6.150721558860157145e+00 1.289515698631692509e+01 8.203000000000000000e+03 1.643941693017063388e+00 1.103520000000000000e+05
2.753400000000000000e+04 3.698300283286119150e+00 6.104016851892206219e+00 1.306175552148980934e+01 8.062000000000000000e+03 1.650492492315548620e+00 1.098910000000000000e+05
2.743400000000000000e+04 3.720456368010498061e+00 6.125318947291681582e+00 1.322763867597797116e+01 8.088000000000000000e+03 1.646389136547561804e+00 1.101550000000000000e+05
2.750700000000000000e+04 3.708837750390809429e+00 6.112371396371832688e+00 1.339267018679384513e+01 7.997000000000000000e+03 1.648055754320273847e+00 1.100160000000000000e+05
2.725200000000000000e+04 3.746624100983414252e+00 6.163584324086305521e+00 1.355653210696644528e+01 8.160000000000000000e+03 1.645103473942979067e+00 1.102630000000000000e+05
2.735700000000000000e+04 3.719486785831779940e+00 6.141938078005629187e+00 1.371940044285470961e+01 8.105000000000000000e+03 1.651286435914067097e+00 1.098590000000000000e+05
2.712600000000000000e+04 3.766128437661284245e+00 6.192398436923983951e+00 1.388042355078635026e+01 8.155000000000000000e+03 1.644234534064213049e+00 1.103150000000000000e+05
2.736000000000000000e+04 3.721893274853801170e+00 6.142507309941520610e+00 1.404068585703741512e+01 8.071000000000000000e+03 1.650371694277773971e+00 1.099020000000000000e+05
2.725800000000000000e+04 3.753503558588304312e+00 6.165419326436275327e+00 1.420057911769715631e+01 8.073000000000000000e+03 1.642577189604448984e+00 1.103860000000000000e+05
2.733400000000000000e+04 3.738091753859662081e+00 6.149264652081656735e+00 1.435985919491284868e+01 8.046000000000000000e+03 1.645027745970228050e+00 1.102230000000000000e+05
2.739100000000000000e+04 3.732211310284399897e+00 6.135628491110218796e+00 1.451742462953500201e+01 8.069000000000000000e+03 1.643965997906660537e+00 1.102980000000000000e+05
2.742300000000000000e+04 3.721365277321956100e+00 6.126353790613718431e+00 1.467477431442684299e+01 8.127000000000000000e+03 1.646265102742746178e+00 1.101780000000000000e+05
2.735700000000000000e+04 3.737069123076360633e+00 6.143363672917351970e+00 1.483084653381025397e+01 8.066000000000000000e+03 1.643898860468528511e+00 1.103010000000000000e+05
2.731900000000000000e+04 3.725905047768951928e+00 6.149493026831143183e+00 1.498636234599443640e+01 8.132000000000000000e+03 1.650469603489605808e+00 1.099200000000000000e+05
2.730900000000000000e+04 3.736863305137500646e+00 6.150170273536196497e+00 1.514102083688184841e+01 8.175000000000000000e+03 1.645810877021067986e+00 1.102250000000000000e+05
2.746800000000000000e+04 3.711009174311926451e+00 6.120613077035095273e+00 1.529674672117186240e+01 8.009000000000000000e+03 1.649312300115761243e+00 1.099430000000000000e+05
2.743300000000000000e+04 3.723070754201144528e+00 6.128020996609921944e+00 1.545003690455913237e+01 8.020000000000000000e+03 1.645958780046017367e+00 1.101550000000000000e+05
2.745000000000000000e+04 3.712422586520947032e+00 6.123642987249544589e+00 1.560232214841310316e+01 8.036000000000000000e+03 1.649500520087139099e+00 1.099420000000000000e+05
2.728900000000000000e+04 3.755286012679101670e+00 6.162886144600388860e+00 1.575516947709078508e+01 7.951000000000000000e+03 1.641122972735611585e+00 1.104290000000000000e+05
2.746800000000000000e+04 3.715268676277850624e+00 6.122469783020242140e+00 1.590711974110032401e+01 7.958000000000000000e+03 1.647921137470480524e+00 1.100090000000000000e+05
2.734600000000000000e+04 3.746032326482849228e+00 6.146273678051634271e+00 1.605774144098109346e+01 8.054000000000000000e+03 1.640742295414832297e+00 1.104930000000000000e+05
2.728100000000000000e+04 3.744584142810014171e+00 6.161944210256222298e+00 1.620751149718957507e+01 8.026000000000000000e+03 1.645561689964368357e+00 1.101820000000000000e+05
2.739000000000000000e+04 3.727199707922599359e+00 6.134939759036144302e+00 1.635650371884403498e+01 8.094000000000000000e+03 1.645991693440952863e+00 1.101820000000000000e+05
2.742400000000000000e+04 3.720099183197199455e+00 6.128135939323220427e+00 1.650476352694032656e+01 8.072000000000000000e+03 1.647304450107822005e+00 1.100920000000000000e+05
2.720000000000000000e+04 3.761139705882353024e+00 6.179154411764705479e+00 1.665151308692443166e+01 8.057000000000000000e+03 1.642894147776702507e+00 1.103600000000000000e+05
2.764200000000000000e+04 3.688951595398306971e+00 6.082374647275884172e+00 1.679894396184636207e+01 8.001000000000000000e+03 1.648808473080317638e+00 1.099710000000000000e+05
2.756700000000000000e+04 3.706206696412376989e+00 6.100881488736533242e+00 1.694481916766025265e+01 7.947000000000000000e+03 1.646125537100294745e+00 1.101160000000000000e+05
2.766600000000000000e+04 3.687703318152244503e+00 6.077459697824044049e+00 1.709006415715664673e+01 7.991000000000000000e+03 1.648033795969575888e+00 1.100150000000000000e+05
2.735300000000000000e+04 3.739297334844441156e+00 6.142105070741783024e+00 1.723510475217169002e+01 8.125000000000000000e+03 1.642582688866944807e+00 1.104060000000000000e+05
2.753000000000000000e+04 3.699963675989829337e+00 6.101634580457682588e+00 1.737950377562027882e+01 8.152000000000000000e+03 1.649106616925191338e+00 1.100120000000000000e+05
2.743800000000000000e+04 3.713863984255412198e+00 6.120781398061082790e+00 1.752251178107080065e+01 8.188000000000000000e+03 1.648089812661308384e+00 1.100890000000000000e+05
2.762500000000000000e+04 3.684778280542986284e+00 6.080506787330317131e+00 1.766560495088854665e+01 8.156000000000000000e+03 1.650168972021377023e+00 1.099480000000000000e+05
2.751800000000000000e+04 3.706374009739080044e+00 6.106076022966785644e+00 1.780774995741781552e+01 8.103000000000000000e+03 1.647452741391481679e+00 1.100950000000000000e+05
2.744500000000000000e+04 3.715430861723446831e+00 6.123082528693751136e+00 1.795089990348038356e+01 8.082000000000000000e+03 1.648014121800529530e+00 1.100520000000000000e+05
2.737500000000000000e+04 3.731981735159817237e+00 6.138045662100456212e+00 1.809248282518594308e+01 8.101000000000000000e+03 1.644714818476356255e+00 1.102640000000000000e+05
2.746100000000000000e+04 3.713229671170022783e+00 6.119806270711189988e+00 1.823482087094759407e+01 8.074000000000000000e+03 1.648108738930459172e+00 1.100430000000000000e+05
2.742700000000000000e+04 3.720275640791920413e+00 6.124220658475224788e+00 1.837601203656390325e+01 8.161000000000000000e+03 1.646173899408051922e+00 1.101970000000000000e+05
2.743100000000000000e+04 3.720680981371441209e+00 6.128139695964419431e+00 1.851528984272980338e+01 8.029000000000000000e+03 1.647047872861593820e+00 1.100910000000000000e+05
2.737800000000000000e+04 3.734567901234568055e+00 6.142377091095039710e+00 1.865338102537898024e+01 7.964000000000000000e+03 1.644735683896523026e+00 1.102090000000000000e+05
2.748300000000000000e+04 3.719208237819743079e+00 6.118655168649710596e+00 1.879260773292454445e+01 7.971000000000000000e+03 1.645149929071075601e+00 1.101860000000000000e+05
2.727800000000000000e+04 3.750311606422758182e+00 6.162915169733851783e+00 1.893027877136206172e+01 8.018000000000000000e+03 1.643307494550395598e+00 1.103190000000000000e+05
2.747900000000000000e+04 3.713599475963463181e+00 6.115542778121474399e+00 1.906786464543235127e+01 8.081000000000000000e+03 1.646796542735628810e+00 1.101270000000000000e+05
2.742800000000000000e+04 3.725134898643721826e+00 6.128955811579407609e+00 1.920516663827854487e+01 8.025000000000000000e+03 1.645297681383535604e+00 1.101980000000000000e+05
2.752900000000000000e+04 3.708525554869410268e+00 6.104362672091249387e+00 1.934443308919547988e+01 8.083000000000000000e+03 1.646034948869647074e+00 1.101750000000000000e+05
2.756800000000000000e+04 3.702771329077191087e+00 6.101059199071387162e+00 1.948120138534037338e+01 7.936000000000000000e+03 1.647700777836556219e+00 1.100140000000000000e+05
2.746300000000000000e+04 3.711175035502312092e+00 6.118741579579798362e+00 1.961863396354965161e+01 8.091000000000000000e+03 1.648734301412872805e+00 1.100110000000000000e+05
2.731300000000000000e+04 3.732032365540218777e+00 6.149416028997181094e+00 1.975537954919661487e+01 8.171000000000000000e+03 1.647739201240030260e+00 1.101040000000000000e+05
2.741500000000000000e+04 3.713660404887835220e+00 6.128360386649644553e+00 1.989134162266507744e+01 8.121000000000000000e+03 1.650220999901777841e+00 1.099310000000000000e+05
2.740300000000000000e+04 3.728131956355143384e+00 6.138160055468379284e+00 2.002592403338443106e+01 7.926000000000000000e+03 1.646443883244259165e+00 1.100880000000000000e+05
2.743200000000000000e+04 3.720363079615048196e+00 6.130176436278798491e+00 2.015920626809742799e+01 7.967000000000000000e+03 1.647736069059447139e+00 1.100240000000000000e+05
2.734100000000000000e+04 3.741084817673091756e+00 6.150945466515489457e+00 2.029255663430420853e+01 7.957000000000000000e+03 1.644160922911472866e+00 1.102420000000000000e+05
2.737200000000000000e+04 3.723513079058892394e+00 6.137878123629986860e+00 2.042706523590529599e+01 8.124000000000000000e+03 1.648410518053375240e+00 1.100440000000000000e+05
2.736100000000000000e+04 3.732246628412704048e+00 6.142977230364387253e+00 2.056039856923862885e+01 8.052000000000000000e+03 1.645919426545760844e+00 1.101700000000000000e+05
2.749500000000000000e+04 3.702964175304600758e+00 6.111147481360247546e+00 2.069346505422131344e+01 8.104000000000000000e+03 1.650339347627513220e+00 1.099170000000000000e+05
