2.909900000000000000e+04 3.532011409326781148e+00 5.760301041272896327e+00 1.000000000000000000e+00 8.511000000000000000e+03 1.630884041331802647e+00 1.112890000000000000e+05
2.851100000000000000e+04 3.559433201220581378e+00 5.897899056504506632e+00 2.000000000000000000e+00 7.975000000000000000e+03 1.656977030635673032e+00 1.094580000000000000e+05
2.756200000000000000e+04 3.684420579058123479e+00 6.100065307307161788e+00 2.997876568443762935e+00 8.000000000000000000e+03 1.655637616937469137e+00 1.095500000000000000e+05
2.713400000000000000e+04 3.738446229822363076e+00 6.187587528561952155e+00 3.995213762561744097e+00 8.236000000000000000e+03 1.655122783150464905e+00 1.096750000000000000e+05
2.726500000000000000e+04 3.720667522464698340e+00 6.156867779204107549e+00 4.989751887810140119e+00 8.263000000000000000e+03 1.654775048302511653e+00 1.097070000000000000e+05
2.746100000000000000e+04 3.697789592513018420e+00 6.118640981755945063e+00 5.983529211377959456e+00 8.106000000000000000e+03 1.654675267122950544e+00 1.096510000000000000e+05
2.723200000000000000e+04 3.737918625146885887e+00 6.169249412455934056e+00 6.974410946460000815e+00 8.129000000000000000e+03 1.650450432749457130e+00 1.099200000000000000e+05
2.741500000000000000e+04 3.703775305489695580e+00 6.128250957505015251e+00 7.964253676261852100e+00 8.124000000000000000e+03 1.654595771083031908e+00 1.096630000000000000e+05
2.734600000000000000e+04 3.718971696043297026e+00 6.139618225700285592e+00 8.950610344631806825e+00 8.236000000000000000e+03 1.650891355863872922e+00 1.099350000000000000e+05
2.732800000000000000e+04 3.718969555035128938e+00 6.144906323185011843e+00 9.936064270709135116e+00 8.202000000000000000e+03 1.652314231738035266e+00 1.098340000000000000e+05
2.736500000000000000e+04 3.714379682075644062e+00 6.138900054814544482e+00 1.091777664225288191e+01 8.139000000000000000e+03 1.652738971311636718e+00 1.097830000000000000e+05
2.743000000000000000e+04 3.703463361283266586e+00 6.127269413051403824e+00 1.189860330437744906e+01 8.059000000000000000e+03 1.654470104148209497e+00 1.096450000000000000e+05
2.746200000000000000e+04 3.702133857694268393e+00 6.118491005753404544e+00 1.287542156361778289e+01 8.104000000000000000e+03 1.652693079435023860e+00 1.097720000000000000e+05
2.732400000000000000e+04 3.719257795344751649e+00 6.149868247694334933e+00 1.385100777834554009e+01 8.091000000000000000e+03 1.653520295202952184e+00 1.097160000000000000e+05
2.718400000000000000e+04 3.747020306062389672e+00 6.183306356680399851e+00 1.482257423494010062e+01 8.043000000000000000e+03 1.650192913733690592e+00 1.099020000000000000e+05
2.723300000000000000e+04 3.738148569749935923e+00 6.171630007711232935e+00 1.579323794924203739e+01 8.058000000000000000e+03 1.650985746701898682e+00 1.098590000000000000e+05
2.740200000000000000e+04 3.714400408729289893e+00 6.130172980074447331e+00 1.675994435928007675e+01 8.151000000000000000e+03 1.650380224401171159e+00 1.099330000000000000e+05
2.745300000000000000e+04 3.714384584562707037e+00 6.121626051797617762e+00 1.772540169193209536e+01 8.073000000000000000e+03 1.648086220592129170e+00 1.100440000000000000e+05
2.744700000000000000e+04 3.711881079899442604e+00 6.124713083397092639e+00 1.868685062169988242e+01 8.025000000000000000e+03 1.650029446407538236e+00 1.099050000000000000e+05
2.739100000000000000e+04 3.713263480705341291e+00 6.132561790369098986e+00 1.964745358541986064e+01 8.153000000000000000e+03 1.651528856552944458e+00 1.098630000000000000e+05
2.743400000000000000e+04 3.707516220747976821e+00 6.119340963767587738e+00 2.060390052801907856e+01 8.252000000000000000e+03 1.650523045461695926e+00 1.099640000000000000e+05
2.738300000000000000e+04 3.715845597633568254e+00 6.133915202863089888e+00 2.155942201782774248e+01 8.165000000000000000e+03 1.650745447219191808e+00 1.099160000000000000e+05
2.747300000000000000e+04 3.694500054599060945e+00 6.114002839151166491e+00 2.251044115142224555e+01 8.160000000000000000e+03 1.654893151656666506e+00 1.096590000000000000e+05
2.743200000000000000e+04 3.706510644502770457e+00 6.123031496062991685e+00 2.346047237835689714e+01 8.163000000000000000e+03 1.651966521435526136e+00 1.098400000000000000e+05
2.730900000000000000e+04 3.732029733787395998e+00 6.150280127430517219e+00 2.440672798501107010e+01 8.172000000000000000e+03 1.647971898977609539e+00 1.100900000000000000e+05
2.741500000000000000e+04 3.714937078241838275e+00 6.130111252963706292e+00 2.535133708056549295e+01 8.073000000000000000e+03 1.650125190240070872e+00 1.099180000000000000e+05
2.734400000000000000e+04 3.729483616149795289e+00 6.148295787009947055e+00 2.629234656219837518e+01 8.011000000000000000e+03 1.648564900616793505e+00 1.099900000000000000e+05
2.729000000000000000e+04 3.740014657383657237e+00 6.156980578966654072e+00 2.723286209050133522e+01 8.106000000000000000e+03 1.646245039925537501e+00 1.101710000000000000e+05
2.741400000000000000e+04 3.718063763040782010e+00 6.125191507988619222e+00 2.816942599216487864e+01 8.214000000000000000e+03 1.647414325939152713e+00 1.101410000000000000e+05
2.740400000000000000e+04 3.712304773025835836e+00 6.132498905269303968e+00 2.910519502640095268e+01 8.075000000000000000e+03 1.651938426453819719e+00 1.098070000000000000e+05
2.741900000000000000e+04 3.711440971589043958e+00 6.128195776651227611e+00 3.003717140748310754e+01 8.101000000000000000e+03 1.651163476278448394e+00 1.098650000000000000e+05
2.735100000000000000e+04 3.724434207158787480e+00 6.140872362984899802e+00 3.096796684267302524e+01 8.171000000000000000e+03 1.648806777464733475e+00 1.100380000000000000e+05
2.730100000000000000e+04 3.737848430460422477e+00 6.156807442950807285e+00 3.189461193436666164e+01 8.043000000000000000e+03 1.647152782541378091e+00 1.100900000000000000e+05
2.734900000000000000e+04 3.727083257157482787e+00 6.146221068412007327e+00 3.282020098790665941e+01 8.037000000000000000e+03 1.649069968214103454e+00 1.099690000000000000e+05
2.725900000000000000e+04 3.742983968597527245e+00 6.164899666165303493e+00 3.374297393970363146e+01 8.081000000000000000e+03 1.647054787807507692e+00 1.101110000000000000e+05
2.739300000000000000e+04 3.722666374621253826e+00 6.138137480378198951e+00 3.466460001135524749e+01 7.988000000000000000e+03 1.648855111546947638e+00 1.099630000000000000e+05
2.725800000000000000e+04 3.753063320859931107e+00 6.168097439283879879e+00 3.558347243513313884e+01 8.000000000000000000e+03 1.643483445909619700e+00 1.103010000000000000e+05
2.728500000000000000e+04 3.743632032252153241e+00 6.161407366684991338e+00 3.650076080168057757e+01 8.016000000000000000e+03 1.645836800626560237e+00 1.101610000000000000e+05
2.718100000000000000e+04 3.754791950259372513e+00 6.179058901438504670e+00 3.741449497530233259e+01 8.177000000000000000e+03 1.645646145856808129e+00 1.102360000000000000e+05
2.735000000000000000e+04 3.734186471663619944e+00 6.145813528336380394e+00 3.832678135468120217e+01 8.042000000000000000e+03 1.645823949867815550e+00 1.101720000000000000e+05
2.735300000000000000e+04 3.737652177092092298e+00 6.145066354696011146e+00 3.923594504059501276e+01 8.044000000000000000e+03 1.644097969404123782e+00 1.102800000000000000e+05
2.736900000000000000e+04 3.723957762431948648e+00 6.140231648945887244e+00 4.014388235962073281e+01 8.078000000000000000e+03 1.648845674591104649e+00 1.099990000000000000e+05
2.722300000000000000e+04 3.740954340080079543e+00 6.171362450868750571e+00 4.104846420257764095e+01 8.127000000000000000e+03 1.649675962293793985e+00 1.099670000000000000e+05
2.733300000000000000e+04 3.725094208465956847e+00 6.144221270991109485e+00 4.195154147504683806e+01 8.190000000000000000e+03 1.649413659667249288e+00 1.100080000000000000e+05
2.737800000000000000e+04 3.725911315654905298e+00 6.138907151727664768e+00 4.285121785045136988e+01 8.059000000000000000e+03 1.647625676417535878e+00 1.100670000000000000e+05
2.725700000000000000e+04 3.745533257511831859e+00 6.166269215247459634e+00 4.374982683245330151e+01 8.056000000000000000e+03 1.646299416212827715e+00 1.101480000000000000e+05
2.732000000000000000e+04 3.740226939970717535e+00 6.153806734992679495e+00 4.464575597569976395e+01 8.008000000000000000e+03 1.645303034751377513e+00 1.101910000000000000e+05
2.728300000000000000e+04 3.748414763772312419e+00 6.161932338819045007e+00 4.554030545619712456e+01 8.014000000000000000e+03 1.643876872530997124e+00 1.102820000000000000e+05
2.724000000000000000e+04 3.753744493392070503e+00 6.169273127753304387e+00 4.643174359847839838e+01 8.079000000000000000e+03 1.643498415678910973e+00 1.103310000000000000e+05
2.753000000000000000e+04 3.698111151471122238e+00 6.105666545586633021e+00 4.732221654459774385e+01 8.041000000000000000e+03 1.651022994037855351e+00 1.098500000000000000e+05
2.733300000000000000e+04 3.733069915486774359e+00 6.144477371675264088e+00 4.820993016521887142e+01 8.183000000000000000e+03 1.645958289231251648e+00 1.102190000000000000e+05
2.753500000000000000e+04 3.694933720719084658e+00 6.097875431269293323e+00 4.909622437971952280e+01 8.225000000000000000e+03 1.650334185177904534e+00 1.099650000000000000e+05
2.734600000000000000e+04 3.723067359028742640e+00 6.139069699407591507e+00 4.998021915630500445e+01 8.251000000000000000e+03 1.648927915451179116e+00 1.100620000000000000e+05
2.731400000000000000e+04 3.724097532400966415e+00 6.146920992897415559e+00 5.086322034860614139e+01 8.233000000000000000e+03 1.650580023594180323e+00 1.099530000000000000e+05
2.729100000000000000e+04 3.733135465904510841e+00 6.155216005276464841e+00 5.174310452506671254e+01 8.148000000000000000e+03 1.648805959894386497e+00 1.100290000000000000e+05
2.746500000000000000e+04 3.717058073912252070e+00 6.124522119060622494e+00 5.262253449156872875e+01 7.920000000000000000e+03 1.647679965520281176e+00 1.100090000000000000e+05
2.745100000000000000e+04 3.726057338530472496e+00 6.124731339477614611e+00 5.349957985578834041e+01 8.000000000000000000e+03 1.643756599272613528e+00 1.102840000000000000e+05
2.724000000000000000e+04 3.749449339207048482e+00 6.166519823788545906e+00 5.437512632714472005e+01 8.154000000000000000e+03 1.644646791011895814e+00 1.102890000000000000e+05
2.736400000000000000e+04 3.735966963894167492e+00 6.144459874287385048e+00 5.524799295974564473e+01 7.993000000000000000e+03 1.644677250540442781e+00 1.102240000000000000e+05
2.727700000000000000e+04 3.743116911683836090e+00 6.162041280199435533e+00 5.612003065917220113e+01 8.048000000000000000e+03 1.646232651981861084e+00 1.101490000000000000e+05
2.743500000000000000e+04 3.714962638964825814e+00 6.121632950610534252e+00 5.699002441378527095e+01 8.183000000000000000e+03 1.647831632653061318e+00 1.101030000000000000e+05
2.733600000000000000e+04 3.734452736318408128e+00 6.145815042434884745e+00 5.785847385453926250e+01 8.128000000000000000e+03 1.645707008865161303e+00 1.102130000000000000e+05
2.733900000000000000e+04 3.734628186839313635e+00 6.147774241925454852e+00 5.872550956679724976e+01 8.056000000000000000e+03 1.646154298194924870e+00 1.101570000000000000e+05
2.715600000000000000e+04 3.759979378406245409e+00 6.186662247753718979e+00 5.959104638619201921e+01 8.125000000000000000e+03 1.645397919808825993e+00 1.102310000000000000e+05
2.730700000000000000e+04 3.735818654557439444e+00 6.152488372944666217e+00 6.045393175495372873e+01 8.124000000000000000e+03 1.646891603113298297e+00 1.101380000000000000e+05
2.738700000000000000e+04 3.723153320918684006e+00 6.131668309782013715e+00 6.131628910463862070e+01 8.202000000000000000e+03 1.646901908479297072e+00 1.101680000000000000e+05
2.728400000000000000e+04 3.738088256853833613e+00 6.152800175927283455e+00 6.217685800261170925e+01 8.257000000000000000e+03 1.645975095597607796e+00 1.102470000000000000e+05
2.732100000000000000e+04 3.733208886936788762e+00 6.146334321584129512e+00 6.303647873729631357e+01 8.206000000000000000e+03 1.646394431099563738e+00 1.102010000000000000e+05
2.731500000000000000e+04 3.728427603880651642e+00 6.146183415705656294e+00 6.389408959291432666e+01 8.247000000000000000e+03 1.648465269731544947e+00 1.100890000000000000e+05
2.734300000000000000e+04 3.740445452218117861e+00 6.145338843579709831e+00 6.475013342417533124e+01 8.098000000000000000e+03 1.642943045710095529e+00 1.103730000000000000e+05
2.736300000000000000e+04 3.729890728355809149e+00 6.139202572817308301e+00 6.560402543575767709e+01 8.143000000000000000e+03 1.645947031677134298e+00 1.102040000000000000e+05
2.736200000000000000e+04 3.733791389518310133e+00 6.142167970177618841e+00 6.645732129676943600e+01 8.068000000000000000e+03 1.645021729767824237e+00 1.102320000000000000e+05
2.713800000000000000e+04 3.753924386469157604e+00 6.187707273933230390e+00 6.730939646851757630e+01 8.208000000000000000e+03 1.648330290358678507e+00 1.100820000000000000e+05
2.724700000000000000e+04 3.737769295702279226e+00 6.162109590046610741e+00 6.816043263498552562e+01 8.231000000000000000e+03 1.648606187955971469e+00 1.100740000000000000e+05
2.731800000000000000e+04 3.735888425214144437e+00 6.150084193572003421e+00 6.900980525748026650e+01 8.122000000000000000e+03 1.646217309934644213e+00 1.101790000000000000e+05
2.728200000000000000e+04 3.743860420790264598e+00 6.162817975221758005e+00 6.985836030204961844e+01 7.996000000000000000e+03 1.646113177990992771e+00 1.101360000000000000e+05
2.744400000000000000e+04 3.712906281883107340e+00 6.126002040518875091e+00 7.070498495429512786e+01 8.008000000000000000e+03 1.649920998655505233e+00 1.099050000000000000e+05
2.732400000000000000e+04 3.721966037183428444e+00 6.142036305079783709e+00 7.155100777834553583e+01 8.305000000000000000e+03 1.650212883115861562e+00 1.100040000000000000e+05
2.731500000000000000e+04 3.724290682775031947e+00 6.148636280431997392e+00 7.239493555896213195e+01 8.180000000000000000e+03 1.650954988253104050e+00 1.099090000000000000e+05
2.728100000000000000e+04 3.742458121036619012e+00 6.160111432865364556e+00 7.323915289842729237e+01 8.076000000000000000e+03 1.646006777801720000e+00 1.101740000000000000e+05
2.735200000000000000e+04 3.725138929511552899e+00 6.139733840304182344e+00 7.408204735138818364e+01 8.196000000000000000e+03 1.648189223672588133e+00 1.100860000000000000e+05
2.729700000000000000e+04 3.736674359819760483e+00 6.151738286258563448e+00 7.492367001646510971e+01 8.206000000000000000e+03 1.646313725490196056e+00 1.102060000000000000e+05
2.713400000000000000e+04 3.759784771872927145e+00 6.191125525171371713e+00 7.576368023618917391e+01 8.140000000000000000e+03 1.646670195455703922e+00 1.101580000000000000e+05
2.734400000000000000e+04 3.729447045055588106e+00 6.146320947922761846e+00 7.660271958212683785e+01 8.065000000000000000e+03 1.648051540528349124e+00 1.100430000000000000e+05
2.719100000000000000e+04 3.751976757015188735e+00 6.175352138575263439e+00 7.744107193550217971e+01 8.216000000000000000e+03 1.645892962164281492e+00 1.102360000000000000e+05
2.727700000000000000e+04 3.744290061223741528e+00 6.166220625435348879e+00 7.827821495486288939e+01 7.934000000000000000e+03 1.646833051021707073e+00 1.100670000000000000e+05
2.717900000000000000e+04 3.757754148423415153e+00 6.182751388939990100e+00 7.911460852779197239e+01 8.089000000000000000e+03 1.645331531743234210e+00 1.102210000000000000e+05
2.722700000000000000e+04 3.743636831086788685e+00 6.171043449517023660e+00 7.995036052915460800e+01 8.111000000000000000e+03 1.648408680637312607e+00 1.100390000000000000e+05
2.733700000000000000e+04 3.725975783736327873e+00 6.147126604967626307e+00 8.078422755918923315e+01 8.086000000000000000e+03 1.649803155404145016e+00 1.099430000000000000e+05
2.745700000000000000e+04 3.715154605382962494e+00 6.121608333029828763e+00 8.161804349060352592e+01 8.049000000000000000e+03 1.647739860989932081e+00 1.100560000000000000e+05
2.725200000000000000e+04 3.743908703948334082e+00 6.167070306766476051e+00 8.244988360869811572e+01 8.065000000000000000e+03 1.647227748973331130e+00 1.100940000000000000e+05
2.739000000000000000e+04 3.719678714859437907e+00 6.136765242789339325e+00 8.328164424004995681e+01 8.044000000000000000e+03 1.649810565163620568e+00 1.099260000000000000e+05
2.733000000000000000e+04 3.722612513721185401e+00 6.148261983168678668e+00 8.411274626696190637e+01 8.098000000000000000e+03 1.651598698630810214e+00 1.098370000000000000e+05
2.738400000000000000e+04 3.723597721297107643e+00 6.135371019573473639e+00 8.494268438085505579e+01 8.119000000000000000e+03 1.647699745996253684e+00 1.100860000000000000e+05
2.739000000000000000e+04 3.719642205184373829e+00 6.137458926615552812e+00 8.577189008119003688e+01 8.025000000000000000e+03 1.650013250753329830e+00 1.099060000000000000e+05
2.731400000000000000e+04 3.728161382441238736e+00 6.149740060042469203e+00 8.659998296712655019e+01 8.156000000000000000e+03 1.649536977934028092e+00 1.099870000000000000e+05
2.736500000000000000e+04 3.719130275899872107e+00 6.136415128814178388e+00 8.742733208425595137e+01 8.207000000000000000e+03 1.649959714661897836e+00 1.099810000000000000e+05
2.741700000000000000e+04 3.713827187511398176e+00 6.129700550753182320e+00 8.825393175495372589e+01 8.072000000000000000e+03 1.650507748816562259e+00 1.098940000000000000e+05
2.729900000000000000e+04 3.732187992234147877e+00 6.153741895307520693e+00 8.907939022313064470e+01 8.139000000000000000e+03 1.648829562742307520e+00 1.100240000000000000e+05
2.731500000000000000e+04 3.736115687351272197e+00 6.156470803587771989e+00 8.990463861920171951e+01 7.966000000000000000e+03 1.647826598204836568e+00 1.100180000000000000e+05
