2.655000000000000000e+04 3.434952919020715534e+00 5.619209039548022311e+00 1.000000000000000000e+00 7.647000000000000000e+03
2.792400000000000000e+04 3.036742587021916684e+00 5.351525569402664217e+00 2.000000000000000000e+00 7.400000000000000000e+03
2.500400000000000000e+04 3.130659094544872900e+00 5.998360262358022332e+00 2.771574672115991511e+00 6.856000000000000000e+03
2.271600000000000000e+04 3.195148793801725784e+00 6.611551329459412152e+00 3.508100663737973246e+00 6.651000000000000000e+03
2.095300000000000000e+04 3.257576480694888588e+00 7.161552045053213966e+00 4.153093299498211266e+00 6.783000000000000000e+03
1.962000000000000000e+04 3.328644240570846069e+00 7.643476044852191897e+00 4.814867475564113874e+00 6.874000000000000000e+03
1.868300000000000000e+04 3.378258309693304096e+00 8.017341968634587701e+00 5.427189665835665977e+00 7.051000000000000000e+03
1.801400000000000000e+04 3.422504718552237257e+00 8.308315754413234444e+00 6.063115679135929526e+00 7.173000000000000000e+03
1.741000000000000000e+04 3.481792073520964870e+00 8.584721424468696682e+00 6.664585976702222858e+00 7.379000000000000000e+03
1.696500000000000000e+04 3.514942528735632177e+00 8.800707338638373400e+00 7.285101282206594142e+00 7.535000000000000000e+03
1.655900000000000000e+04 3.550033214566096884e+00 9.013648167159852065e+00 7.877402941870325748e+00 7.582000000000000000e+03
1.625400000000000000e+04 3.573951027439399741e+00 9.185369755137196890e+00 8.484566976326041399e+00 7.540000000000000000e+03
1.588900000000000000e+04 3.620618037636100350e+00 9.384794511926489946e+00 9.066348293472923814e+00 7.724000000000000000e+03
1.572300000000000000e+04 3.618011829803472690e+00 9.478025822044140014e+00 9.660135553019339127e+00 7.816000000000000000e+03
1.558700000000000000e+04 3.621864374157952149e+00 9.560531211907358440e+00 1.023617212555550537e+01 7.819000000000000000e+03
1.534400000000000000e+04 3.649700208550573421e+00 9.707442648592284229e+00 1.082077799526903306e+01 7.888000000000000000e+03
1.518300000000000000e+04 3.661595205163669764e+00 9.807416189158928432e+00 1.139029833140991776e+01 7.931000000000000000e+03
1.505500000000000000e+04 3.676585851876453148e+00 9.895117901029557572e+00 1.196552515637054626e+01 7.867000000000000000e+03
1.490900000000000000e+04 3.702260379636461263e+00 9.989603595143872639e+00 1.252772588450576663e+01 7.903000000000000000e+03
1.480000000000000000e+04 3.707770270270270174e+00 1.006621621621621543e+01 1.309677439922468345e+01 7.858000000000000000e+03
1.459600000000000000e+04 3.744244998629761678e+00 1.020498766785420663e+01 1.365692206657782748e+01 7.887000000000000000e+03
1.445400000000000000e+04 3.748028227480282304e+00 1.029839490798394941e+01 1.422207486658292908e+01 7.985000000000000000e+03
1.426600000000000000e+04 3.780176643768400346e+00 1.043642226272255691e+01 1.477966577190622210e+01 7.952000000000000000e+03
1.409700000000000000e+04 3.792438107398737213e+00 1.055898418103142511e+01 1.534111413615235975e+01 7.988000000000000000e+03
1.408800000000000000e+04 3.778109028960817906e+00 1.056863997728563298e+01 1.589630767857484450e+01 7.947000000000000000e+03
1.390300000000000000e+04 3.814716248291735390e+00 1.070416456879810063e+01 1.645644896996282824e+01 8.019000000000000000e+03
1.391900000000000000e+04 3.797111861484302242e+00 1.069818234068539375e+01 1.701046933479555534e+01 7.930000000000000000e+03
1.379700000000000000e+04 3.809886207146480963e+00 1.079285351888091604e+01 1.756739713974202743e+01 7.929000000000000000e+03
1.367800000000000000e+04 3.828118145927767113e+00 1.088046498026027109e+01 1.812090742736181781e+01 8.016000000000000000e+03
1.364000000000000000e+04 3.827712609970674418e+00 1.091319648093841721e+01 1.867911042534063526e+01 7.983000000000000000e+03
1.354300000000000000e+04 3.842353983607767809e+00 1.098729971202835465e+01 1.923360261159533025e+01 8.038000000000000000e+03
1.346300000000000000e+04 3.854935749832875125e+00 1.104984030305281095e+01 1.979213078379739699e+01 8.071000000000000000e+03
1.345600000000000000e+04 3.855603448275862100e+00 1.105967598097502957e+01 2.034668035373854877e+01 8.019000000000000000e+03
1.333800000000000000e+04 3.879292247713300501e+00 1.115669515669515732e+01 2.090425213116635561e+01 8.027000000000000000e+03
1.334900000000000000e+04 3.859989512323020566e+00 1.114218293505131463e+01 2.145893559637590187e+01 8.101000000000000000e+03
1.325200000000000000e+04 3.878659824932085609e+00 1.122607908240265573e+01 2.201688355574825096e+01 8.071000000000000000e+03
1.318100000000000000e+04 3.885820499203398892e+00 1.128609361960397628e+01 2.257187306728556209e+01 8.077000000000000000e+03
1.314200000000000000e+04 3.879318216405417630e+00 1.131844468117486002e+01 2.312741091182677877e+01 8.092000000000000000e+03
1.305300000000000000e+04 3.902551137669501458e+00 1.139492836895732708e+01 2.367852383654575732e+01 8.101000000000000000e+03
1.304900000000000000e+04 3.891715840294275530e+00 1.140163997241167948e+01 2.423066966762093699e+01 8.059000000000000000e+03
1.296500000000000000e+04 3.911222522175086702e+00 1.148576937909757056e+01 2.478129801898762352e+01 7.926000000000000000e+03
1.291800000000000000e+04 3.907725654126025905e+00 1.152268152964855297e+01 2.533363512901765446e+01 7.989000000000000000e+03
1.290200000000000000e+04 3.901488141373430363e+00 1.153983878468454449e+01 2.588323694999330371e+01 7.952000000000000000e+03
1.280700000000000000e+04 3.919262903099867135e+00 1.161833372374482742e+01 2.643378241381289229e+01 8.043000000000000000e+03
1.277600000000000000e+04 3.918127739511584107e+00 1.164167188478396930e+01 2.698211541772135647e+01 8.105000000000000000e+03
1.283000000000000000e+04 3.890179267342166902e+00 1.159657053780202673e+01 2.753107964218083481e+01 8.055000000000000000e+03
1.271300000000000000e+04 3.929363643514512727e+00 1.170510501061905195e+01 2.807766563163498930e+01 8.032000000000000000e+03
1.279000000000000000e+04 3.901329163408913114e+00 1.163995308835027309e+01 2.862393282283105478e+01 7.964000000000000000e+03
1.274400000000000000e+04 3.912350910232265999e+00 1.168330194601380967e+01 2.916730532584369939e+01 7.947000000000000000e+03
1.273800000000000000e+04 3.916391898257183257e+00 1.169579211807191044e+01 2.971208054119192354e+01 7.858000000000000000e+03
1.272400000000000000e+04 3.918264696636277744e+00 1.171188305564287901e+01 3.025498122278260027e+01 7.817000000000000000e+03
1.262300000000000000e+04 3.935752198368058341e+00 1.179909688663550682e+01 3.079980106988695354e+01 7.899000000000000000e+03
1.261200000000000000e+04 3.935616872819537093e+00 1.181581033935933966e+01 3.134248496866213074e+01 7.818000000000000000e+03
1.255700000000000000e+04 3.938440710360755048e+00 1.186429879748347460e+01 3.188591485536122860e+01 7.857000000000000000e+03
1.247200000000000000e+04 3.960230917254650596e+00 1.193441308531109613e+01 3.242805679709766054e+01 7.993000000000000000e+03
1.241600000000000000e+04 3.968347293814432852e+00 1.198727448453608169e+01 3.296985443671535876e+01 8.005000000000000000e+03
1.236200000000000000e+04 3.970797605565442367e+00 1.205136709270344575e+01 3.351041513909167691e+01 7.860000000000000000e+03
1.243200000000000000e+04 3.940717503217503026e+00 1.198270592020591963e+01 3.405077818654798705e+01 7.870000000000000000e+03
1.245200000000000000e+04 3.927802762608416209e+00 1.196570831994860207e+01 3.458880763075510600e+01 7.842000000000000000e+03
1.240200000000000000e+04 3.928076116755362168e+00 1.200435413642960825e+01 3.512670955565899078e+01 7.961000000000000000e+03
1.231100000000000000e+04 3.956705385427666144e+00 1.208642677280480804e+01 3.566274969873564515e+01 8.043000000000000000e+03
1.227900000000000000e+04 3.959035752097076255e+00 1.212240410456877626e+01 3.620010966660078111e+01 7.988000000000000000e+03
1.230400000000000000e+04 3.958306241872561859e+00 1.210801365409622932e+01 3.673609242599098224e+01 7.862000000000000000e+03
1.229600000000000000e+04 3.954538061158100248e+00 1.211182498373454841e+01 3.727211344117215930e+01 7.912000000000000000e+03
1.226700000000000000e+04 3.953207793266487524e+00 1.213613760495638694e+01 3.780717168561390906e+01 7.965000000000000000e+03
1.228500000000000000e+04 3.944892144892144792e+00 1.211859991859991936e+01 3.834243396094083778e+01 7.962000000000000000e+03
1.223900000000000000e+04 3.950812974916251274e+00 1.215295367268567617e+01 3.887640191533993317e+01 8.099000000000000000e+03
1.228800000000000000e+04 3.937011718750000000e+00 1.211092122395833393e+01 3.941080343537002761e+01 8.020000000000000000e+03
1.215500000000000000e+04 3.977622377622377581e+00 1.224088852324146437e+01 3.994626974158213528e+01 8.051000000000000000e+03
1.218500000000000000e+04 3.952072219942552422e+00 1.220755026672137866e+01 4.048470087159443409e+01 8.090000000000000000e+03
1.217000000000000000e+04 3.956532456861133973e+00 1.223105998356614599e+01 4.102137861118726647e+01 7.987000000000000000e+03
1.213400000000000000e+04 3.963655843085544639e+00 1.227097412230097184e+01 4.156054297719317248e+01 7.943000000000000000e+03
1.204100000000000000e+04 3.991030645295241097e+00 1.235611660161116099e+01 4.209755864293957472e+01 8.059000000000000000e+03
1.206300000000000000e+04 3.988725855923070718e+00 1.233921909972643682e+01 4.263550519959959217e+01 7.991000000000000000e+03
1.208400000000000000e+04 3.971284342932803746e+00 1.232067196292618405e+01 4.317122654441816110e+01 7.956000000000000000e+03
1.212100000000000000e+04 3.952066661166570238e+00 1.228628000990017277e+01 4.370503509968821731e+01 7.917000000000000000e+03
1.213400000000000000e+04 3.938272622383385713e+00 1.227245755727707355e+01 4.423806578720854077e+01 7.925000000000000000e+03
1.211700000000000000e+04 3.938186019641825464e+00 1.229215152265412314e+01 4.477213575705022208e+01 7.895000000000000000e+03
1.205900000000000000e+04 3.945932498548801792e+00 1.234389252840202289e+01 4.530695171481583117e+01 7.984000000000000000e+03
1.201900000000000000e+04 3.953407105416423928e+00 1.238447458191197192e+01 4.584034583235037275e+01 7.990000000000000000e+03
1.199700000000000000e+04 3.957155955655580648e+00 1.240768525464699579e+01 4.637282818686678354e+01 7.984000000000000000e+03
1.203100000000000000e+04 3.943894938076635270e+00 1.237519740669936041e+01 4.690604377737680153e+01 7.953000000000000000e+03
1.203100000000000000e+04 3.941401379768930457e+00 1.237960269304297256e+01 4.743906171296679730e+01 7.900000000000000000e+03
1.199700000000000000e+04 3.940318412936567594e+00 1.240626823372509868e+01 4.797177360222903530e+01 7.999000000000000000e+03
1.195000000000000000e+04 3.942677824267782238e+00 1.246083682008368143e+01 4.850402642199963310e+01 7.931000000000000000e+03
1.186100000000000000e+04 3.968383778770761428e+00 1.255298878678020458e+01 4.903444933976880549e+01 7.946000000000000000e+03
1.180800000000000000e+04 3.964854336043360572e+00 1.259552845528455300e+01 4.956403063013663512e+01 8.110000000000000000e+03
1.182600000000000000e+04 3.972349061390157310e+00 1.258041603247082740e+01 5.009616230656915548e+01 8.063000000000000000e+03
1.183100000000000000e+04 3.977770264559208790e+00 1.257831121629617144e+01 5.062728658050612296e+01 8.025000000000000000e+03
1.187600000000000000e+04 3.963792522734927548e+00 1.253637588413607240e+01 5.115813668794113767e+01 7.957000000000000000e+03
1.189700000000000000e+04 3.948726569723459701e+00 1.251601244011095204e+01 5.168807503235802159e+01 7.936000000000000000e+03
1.183300000000000000e+04 3.970928758556579119e+00 1.258598833769965353e+01 5.221927581787693384e+01 7.909000000000000000e+03
1.180400000000000000e+04 3.978990172822772120e+00 1.261936631650288021e+01 5.275003028583451936e+01 7.880000000000000000e+03
1.176300000000000000e+04 3.993709087817733483e+00 1.265774037235399163e+01 5.328197705927734518e+01 7.946000000000000000e+03
1.176800000000000000e+04 3.985299116247450701e+00 1.265423181509177475e+01 5.381186439597293969e+01 7.924000000000000000e+03
1.176000000000000000e+04 3.979421768707482876e+00 1.266573129251700713e+01 5.434011310962196717e+01 7.888000000000000000e+03
1.176600000000000000e+04 3.961924188339282615e+00 1.265510793812680568e+01 5.486692723110960657e+01 7.938000000000000000e+03
1.168600000000000000e+04 3.990415882252267732e+00 1.274080095841177496e+01 5.539232588833134940e+01 7.948000000000000000e+03
1.168200000000000000e+04 3.998630371511727510e+00 1.275577812018489965e+01 5.591644297655557949e+01 7.825000000000000000e+03
1.172900000000000000e+04 3.974251854378037407e+00 1.270526046551283095e+01 5.643924023999132800e+01 7.819000000000000000e+03
