<<<<<<< HEAD
2.663200000000000000e+04
3.435416040853108921e+00
5.889118353860017585e+00
1.000000000000000000e+00
6.534700000000000000e+04
=======
2.660600000000000000e+04 3.000000000000000000e+00 5.894347139742914798e+00 1.000000000000000000e+00
2.753300000000000000e+04 2.000000000000000000e+00 5.695892202084770872e+00 2.000000000000000000e+00
2.677700000000000000e+04 2.000000000000000000e+00 5.856705381484109907e+00 2.436161326319145726e+00
2.583000000000000000e+04 2.000000000000000000e+00 6.071428571428571175e+00 2.775424836601307010e+00
2.511900000000000000e+04 2.000000000000000000e+00 6.243281977785740011e+00 3.009175832934799732e+00
2.455600000000000000e+04 2.000000000000000000e+00 6.386422870174295774e+00 3.216234656464211916e+00
2.400600000000000000e+04 2.000000000000000000e+00 6.532741814546363379e+00 3.380436792603219942e+00
2.358200000000000000e+04 2.000000000000000000e+00 6.650199304554321067e+00 3.536776661884265760e+00
2.316700000000000000e+04 2.000000000000000000e+00 6.769327060042301447e+00 3.669108879324087358e+00
2.281400000000000000e+04 2.000000000000000000e+00 6.874068554396423281e+00 3.800172166427546738e+00
2.248800000000000000e+04 2.000000000000000000e+00 6.973719316969050119e+00 3.914139964929061133e+00
2.222700000000000000e+04 2.000000000000000000e+00 7.055608044270481827e+00 4.029829427706041578e+00
2.197700000000000000e+04 2.000000000000000000e+00 7.135869317923283717e+00 4.131222700462299002e+00
2.170400000000000000e+04 2.000000000000000000e+00 7.225626612605971388e+00 4.234210106806949980e+00
2.149000000000000000e+04 2.000000000000000000e+00 7.297580269892973703e+00 4.326657101865135857e+00
2.125200000000000000e+04 2.000000000000000000e+00 7.379305477131564039e+00 4.420181731229076760e+00
2.102100000000000000e+04 2.000000000000000000e+00 7.460396746111031874e+00 4.504485891917743068e+00
2.083100000000000000e+04 2.000000000000000000e+00 7.528443185636791490e+00 4.589523354057069682e+00
2.063200000000000000e+04 2.000000000000000000e+00 7.601056611089569870e+00 4.668114139964928633e+00
2.044900000000000000e+04 2.000000000000000000e+00 7.669079172575676395e+00 4.748560497369680000e+00
2.025800000000000000e+04 2.000000000000000000e+00 7.741386119064073590e+00 4.823165949306551958e+00
2.014700000000000000e+04 2.000000000000000000e+00 7.784037325656425033e+00 4.900060577076359003e+00
1.998800000000000000e+04 2.000000000000000000e+00 7.845957574544726754e+00 4.971101546309580677e+00
1.980300000000000000e+04 2.000000000000000000e+00 7.919254658385093570e+00 5.042958711940060290e+00
1.969700000000000000e+04 2.000000000000000000e+00 7.961872366350205787e+00 5.109574366331898432e+00
1.954200000000000000e+04 2.000000000000000000e+00 8.025023027325760339e+00 5.176253786067272600e+00
1.944500000000000000e+04 2.000000000000000000e+00 8.065055284134739821e+00 5.239113661724852378e+00
1.925800000000000000e+04 2.000000000000000000e+00 8.143368989510852529e+00 5.302623943886497493e+00
1.915600000000000000e+04 2.000000000000000000e+00 8.186730006264355097e+00 5.363220149848557661e+00
1.901600000000000000e+04 2.000000000000000000e+00 8.247002524190156336e+00 5.424307348955842656e+00
1.891000000000000000e+04 2.000000000000000000e+00 8.293231094658910507e+00 5.481211541527179598e+00
1.878400000000000000e+04 2.000000000000000000e+00 8.348860732538330609e+00 5.539218874541686155e+00
1.865700000000000000e+04 2.000000000000000000e+00 8.405692233478051278e+00 5.594656464211700708e+00
1.857900000000000000e+04 2.000000000000000000e+00 8.440981753592765813e+00 5.650718954248366011e+00
1.850800000000000000e+04 2.000000000000000000e+00 8.473362870110221934e+00 5.704358361230671193e+00
1.840100000000000000e+04 2.000000000000000000e+00 8.522634639421770686e+00 5.757704447632711720e+00
1.829900000000000000e+04 2.000000000000000000e+00 8.570140444833050708e+00 5.809175832934799999e+00
1.819300000000000000e+04 2.000000000000000000e+00 8.620073654702357757e+00 5.860226366969552458e+00
1.806200000000000000e+04 2.000000000000000000e+00 8.682593289779648060e+00 5.908649768850629869e+00
1.793300000000000000e+04 2.000000000000000000e+00 8.745051023253219924e+00 5.958680057388809459e+00
1.787400000000000000e+04 2.000000000000000000e+00 8.773917421953676410e+00 6.005834528933524652e+00
1.779900000000000000e+04 2.000000000000000000e+00 8.810888252148997069e+00 6.054181412402359186e+00
1.770800000000000000e+04 2.000000000000000000e+00 8.856166704314434313e+00 6.100162601626016645e+00
1.759800000000000000e+04 2.000000000000000000e+00 8.911524036822365602e+00 6.146277698071098250e+00
1.752900000000000000e+04 2.000000000000000000e+00 8.946602772548349236e+00 6.190875179340028289e+00
1.748600000000000000e+04 2.000000000000000000e+00 8.968603454191924840e+00 6.235663956639566408e+00
1.735800000000000000e+04 2.000000000000000000e+00 9.034739025233321286e+00 6.278967001434720530e+00
1.731500000000000000e+04 2.000000000000000000e+00 9.057175859081720404e+00 6.322359317710824378e+00
1.723300000000000000e+04 2.000000000000000000e+00 9.100272732548019050e+00 6.364106488123704608e+00
1.717500000000000000e+04 2.000000000000000000e+00 9.131004366812227602e+00 6.406293639406982265e+00
1.707300000000000000e+04 2.000000000000000000e+00 9.185556141275698749e+00 6.446720867208671990e+00
1.703100000000000000e+04 2.000000000000000000e+00 9.208208560859608482e+00 6.487454168659333220e+00
1.695500000000000000e+04 2.000000000000000000e+00 9.249483928044824665e+00 6.527026940857643567e+00
1.690700000000000000e+04 2.000000000000000000e+00 9.275743774767848393e+00 6.566433923162761310e+00
1.680300000000000000e+04 2.000000000000000000e+00 9.333154793786823333e+00 6.603966204367925918e+00
1.671200000000000000e+04 2.000000000000000000e+00 9.383975586404979197e+00 6.641715287741112306e+00
1.666900000000000000e+04 2.000000000000000000e+00 9.408182854400383377e+00 6.678476008289494281e+00
1.660100000000000000e+04 2.000000000000000000e+00 9.446720077103789137e+00 6.715619320899091527e+00
1.654400000000000000e+04 2.000000000000000000e+00 9.479267408123790872e+00 6.752048461661087408e+00
1.648900000000000000e+04 2.000000000000000000e+00 9.510886045242282094e+00 6.789045113980551882e+00
1.644600000000000000e+04 2.000000000000000000e+00 9.535753374680773220e+00 6.824339231627610580e+00
1.640000000000000000e+04 2.000000000000000000e+00 9.562500000000000000e+00 6.859352781763111473e+00
1.635300000000000000e+04 2.000000000000000000e+00 9.589983489268023575e+00 6.893811573409851512e+00
1.624500000000000000e+04 2.000000000000000000e+00 9.653739612188365626e+00 6.928034433285509053e+00
1.620000000000000000e+04 2.000000000000000000e+00 9.680555555555555358e+00 6.962805675115574466e+00
1.613300000000000000e+04 2.000000000000000000e+00 9.720758693361432279e+00 6.997946755938147412e+00
1.605600000000000000e+04 2.000000000000000000e+00 9.767376681614349465e+00 7.031557468515861942e+00
1.605600000000000000e+04 2.000000000000000000e+00 9.767376681614349465e+00 7.065455125139486370e+00
1.596800000000000000e+04 2.000000000000000000e+00 9.821204909819639894e+00 7.098236888251235222e+00
1.593900000000000000e+04 2.000000000000000000e+00 9.839073969508751460e+00 7.130718954248366437e+00
1.586900000000000000e+04 2.000000000000000000e+00 9.882475266242359169e+00 7.161753546947234206e+00
1.582900000000000000e+04 2.000000000000000000e+00 9.907448354286437109e+00 7.193629842180774503e+00
1.581600000000000000e+04 2.000000000000000000e+00 9.915591805766313271e+00 7.224415750039852924e+00
1.577300000000000000e+04 2.000000000000000000e+00 9.942623470487541582e+00 7.254780806631595524e+00
1.570600000000000000e+04 2.000000000000000000e+00 9.985037565261682957e+00 7.283819544077793751e+00
1.566400000000000000e+04 2.000000000000000000e+00 1.001181052093973456e+01 7.313279132791327797e+00
1.558200000000000000e+04 2.000000000000000000e+00 1.006449749711205222e+01 7.341418778893671337e+00
1.555900000000000000e+04 2.000000000000000000e+00 1.007937528118773685e+01 7.370604176630001447e+00
1.550700000000000000e+04 2.000000000000000000e+00 1.011317469529889657e+01 7.398635421648334543e+00
1.548500000000000000e+04 2.000000000000000000e+00 1.012754278333871483e+01 7.426832456559859352e+00
1.544400000000000000e+04 2.000000000000000000e+00 1.015442890442890445e+01 7.454646899410170668e+00
1.542800000000000000e+04 2.000000000000000000e+00 1.016495981332641918e+01 7.481810935756416647e+00
1.535200000000000000e+04 2.000000000000000000e+00 1.021528139656070877e+01 7.507795313247250135e+00
1.530300000000000000e+04 2.000000000000000000e+00 1.024799059008037716e+01 7.534130400127530436e+00
1.530000000000000000e+04 2.000000000000000000e+00 1.025000000000000000e+01 7.561045751633987066e+00
1.522100000000000000e+04 2.000000000000000000e+00 1.030319952696931907e+01 7.588209787980233045e+00
1.521400000000000000e+04 2.000000000000000000e+00 1.030794005521230439e+01 7.613970986768690885e+00
1.517600000000000000e+04 2.000000000000000000e+00 1.033375065893516087e+01 7.640248684839789917e+00
1.510600000000000000e+04 2.000000000000000000e+00 1.038163643585330398e+01 7.666182050055795116e+00
1.509300000000000000e+04 2.000000000000000000e+00 1.039057841383422698e+01 7.691962378447313675e+00
1.507900000000000000e+04 2.000000000000000000e+00 1.040022547914317919e+01 7.717857484457197437e+00
1.504600000000000000e+04 2.000000000000000000e+00 1.042303602286321862e+01 7.742891758329347951e+00
1.502300000000000000e+04 2.000000000000000000e+00 1.043899354323370865e+01 7.767333014506615285e+00
1.496000000000000000e+04 2.000000000000000000e+00 1.048295454545454497e+01 7.792469312928423264e+00
1.492300000000000000e+04 2.000000000000000000e+00 1.050894592240166148e+01 7.817325043838673437e+00
1.492700000000000000e+04 2.000000000000000000e+00 1.050612983184832849e+01 7.842505978000956723e+00
1.486300000000000000e+04 2.000000000000000000e+00 1.055136917176882250e+01 7.866602901323131114e+00
1.485100000000000000e+04 2.000000000000000000e+00 1.055989495656858068e+01 7.891005898294277010e+00
1.481900000000000000e+04 2.000000000000000000e+00 1.058269788784668286e+01 7.914414155906264625e+00
1.478000000000000000e+04 2.000000000000000000e+00 1.061062246278755161e+01 7.937898931930496005e+00
>>>>>>> f16ed250536cbe7e6ba67027dfa2d052c0258069
