2.662325000000000000e+04 3.438771305604110928e+00 5.890655590750208503e+00 1.000000000000000000e+00 7.545000000000000000e+03
2.775875000000000000e+04 3.062242282149278516e+00 5.649628244104207830e+00 2.000000000000000000e+00 7.391500000000000000e+03
2.498100000000000000e+04 3.133564604609250903e+00 6.277848685243403892e+00 2.769438864976884851e+00 6.888000000000000000e+03
2.272825000000000000e+04 3.194459823374345753e+00 6.900042668352466713e+00 3.503765343535788279e+00 6.704500000000000000e+03
2.098750000000000000e+04 3.257750804818559054e+00 7.472461126369609019e+00 4.148616292045273823e+00 6.840000000000000000e+03
1.970475000000000000e+04 3.318311260187853051e+00 7.958777499718229009e+00 4.811370954886019291e+00 6.917000000000000000e+03
1.871925000000000000e+04 3.385979339892093876e+00 8.377834746465607552e+00 5.424868483978956490e+00 7.051500000000000000e+03
1.801325000000000000e+04 3.433602273100861080e+00 8.706139143495136068e+00 6.062486848397895756e+00 7.140000000000000000e+03
1.742275000000000000e+04 3.484768259002519297e+00 9.001433336892242565e+00 6.663330145066156618e+00 7.289500000000000000e+03
1.698275000000000000e+04 3.516769607076056570e+00 9.234411991356285654e+00 7.283347680535628754e+00 7.344750000000000000e+03
1.660800000000000000e+04 3.551092230420695106e+00 9.442827819685501112e+00 7.876115096445081676e+00 7.448750000000000000e+03
1.625450000000000000e+04 3.587079690651693298e+00 9.648171828511404868e+00 8.481331101546308204e+00 7.573250000000000000e+03
1.605600000000000000e+04 3.595337894517123267e+00 9.767484477278049582e+00 9.064466762314681958e+00 7.654750000000000000e+03
1.578850000000000000e+04 3.622882654876248054e+00 9.933030086254596824e+00 9.658936712896540655e+00 7.692500000000000000e+03
1.553425000000000000e+04 3.647717570620681027e+00 1.009555270761632073e+01 1.023579308146022449e+01 7.793750000000000000e+03
1.535275000000000000e+04 3.662195168782417909e+00 1.021488578728452978e+01 1.082138849035549200e+01 7.766000000000000000e+03
1.516025000000000000e+04 3.685765659265110461e+00 1.034462839549141755e+01 1.139251394866889910e+01 7.799750000000000000e+03
1.502200000000000000e+04 3.696679519106694123e+00 1.043988222293716106e+01 1.197058664116052995e+01 7.794250000000000000e+03
1.486175000000000000e+04 3.716759344732025294e+00 1.055231660468453825e+01 1.253693448110951536e+01 7.837000000000000000e+03
1.470575000000000000e+04 3.733389065523066375e+00 1.066434866736626930e+01 1.310911366172485337e+01 7.874000000000000000e+03
1.455675000000000000e+04 3.753645290017634029e+00 1.077338967428307370e+01 1.367151283277538809e+01 7.885000000000000000e+03
1.440575000000000000e+04 3.768700623300520025e+00 1.088637190627610352e+01 1.423923481587757145e+01 7.937000000000000000e+03
1.434575000000000000e+04 3.769974726237951934e+00 1.093191355823562105e+01 1.479884425314841501e+01 7.852750000000000000e+03
1.419400000000000000e+04 3.789816496991102568e+00 1.104872361388848567e+01 1.536236091184441221e+01 7.898000000000000000e+03
1.410450000000000000e+04 3.796180866295183698e+00 1.111906605939600823e+01 1.591874063446516807e+01 7.886500000000000000e+03
1.401675000000000000e+04 3.803356385891379698e+00 1.118852894947710119e+01 1.647942611190817885e+01 7.872500000000000000e+03
1.387650000000000000e+04 3.825090153905378987e+00 1.130173157554441410e+01 1.703515383389127891e+01 7.907000000000000000e+03
1.379975000000000000e+04 3.829953920417079605e+00 1.136447837000042504e+01 1.759508209787980348e+01 7.913250000000000000e+03
1.367975000000000000e+04 3.851285547821706512e+00 1.146452897841211005e+01 1.815081619639725830e+01 7.953250000000000000e+03
1.360775000000000000e+04 3.855202842828376220e+00 1.152482935092209360e+01 1.871076837238960522e+01 7.936250000000000000e+03
1.351150000000000000e+04 3.870065383447477636e+00 1.160685395109951656e+01 1.926642435836122758e+01 7.915000000000000000e+03
1.342775000000000000e+04 3.879816178834969431e+00 1.167921387643093922e+01 1.982519049896381347e+01 7.893500000000000000e+03
1.337400000000000000e+04 3.882698408759281961e+00 1.172620797960755823e+01 2.038006535947712194e+01 7.920500000000000000e+03
1.332000000000000000e+04 3.882249951413751177e+00 1.177368024123374823e+01 2.093776024230830402e+01 7.953750000000000000e+03
1.320350000000000000e+04 3.907574207260464672e+00 1.187765399214311302e+01 2.149186991869918728e+01 7.966000000000000000e+03
1.317750000000000000e+04 3.897395502973547643e+00 1.190119055735347509e+01 2.204756735214411023e+01 7.989250000000000000e+03
1.307800000000000000e+04 3.914152988013146039e+00 1.199172973712259704e+01 2.259996811732823119e+01 7.974750000000000000e+03
1.303850000000000000e+04 3.916537202017967179e+00 1.202812006603261352e+01 2.315483181890642328e+01 7.964500000000000000e+03
1.297975000000000000e+04 3.927113894965553520e+00 1.208249465867356953e+01 2.370670014347202681e+01 7.909500000000000000e+03
1.292675000000000000e+04 3.932209715043805787e+00 1.213246033121734513e+01 2.426058504702694307e+01 7.869750000000000000e+03
1.287600000000000000e+04 3.934753882649353329e+00 1.218060596958233788e+01 2.481194484297784086e+01 7.930250000000000000e+03
1.283775000000000000e+04 3.937021450531004163e+00 1.221675924699876781e+01 2.536427227801689810e+01 7.965250000000000000e+03
1.279175000000000000e+04 3.938519592589581286e+00 1.226008831821970624e+01 2.591458951060099025e+01 8.002750000000000000e+03
1.276450000000000000e+04 3.934466258501877256e+00 1.228641659321783308e+01 2.646775545990754352e+01 7.949000000000000000e+03
1.271925000000000000e+04 3.944642614800736524e+00 1.233024512588902866e+01 2.701871672246133826e+01 7.915250000000000000e+03
1.266650000000000000e+04 3.955135264954649621e+00 1.238241296436940786e+01 2.757106966363781098e+01 7.954000000000000000e+03
1.263125000000000000e+04 3.955010637270587104e+00 1.241742244819045382e+01 2.812160210425633977e+01 7.954000000000000000e+03
1.256700000000000000e+04 3.966688364257749733e+00 1.248139801493293888e+01 2.867292204686752655e+01 7.950000000000000000e+03
1.254525000000000000e+04 3.961167012510961705e+00 1.250201234496883629e+01 2.922286465805834510e+01 7.967250000000000000e+03
1.254425000000000000e+04 3.955921816651564171e+00 1.250250990693429642e+01 2.977290291726446370e+01 7.960000000000000000e+03
1.256050000000000000e+04 3.943080015299784691e+00 1.248642264479739694e+01 3.032039215686274503e+01 7.990250000000000000e+03
1.252475000000000000e+04 3.949314125470082537e+00 1.252176006160982702e+01 3.086903714331261028e+01 7.942750000000000000e+03
1.251200000000000000e+04 3.947660721261970984e+00 1.253485607702559790e+01 3.141626016260162402e+01 7.937500000000000000e+03
1.245050000000000000e+04 3.962738632272086114e+00 1.259664009361209658e+01 3.196361230671130471e+01 7.977250000000000000e+03
1.240600000000000000e+04 3.971972089000253003e+00 1.264202974726073592e+01 3.250829746532759401e+01 7.941250000000000000e+03
1.244325000000000000e+04 3.947073169286512417e+00 1.260394344638707054e+01 3.305389287422285349e+01 7.942250000000000000e+03
1.239025000000000000e+04 3.960462407711981214e+00 1.265772107513934763e+01 3.359794994420532532e+01 7.966000000000000000e+03
1.232725000000000000e+04 3.974779030980021943e+00 1.272236058808476145e+01 3.414228758169934252e+01 7.959500000000000000e+03
1.227675000000000000e+04 3.985954812675325698e+00 1.277432965106452656e+01 3.468479355970030298e+01 8.004750000000000000e+03
1.226575000000000000e+04 3.990396341513714695e+00 1.278575399635759879e+01 3.522799936234656570e+01 7.957250000000000000e+03
1.228400000000000000e+04 3.973574069621780502e+00 1.276664829820073876e+01 3.577056591742388036e+01 7.969000000000000000e+03
1.223425000000000000e+04 3.976656214365461572e+00 1.281866552383196201e+01 3.631361071257771300e+01 8.025250000000000000e+03
1.219625000000000000e+04 3.985735866438233188e+00 1.285861322580328370e+01 3.685522238163557773e+01 7.998750000000000000e+03
1.218400000000000000e+04 3.978783720566068105e+00 1.287196133587208102e+01 3.739656623625059240e+01 8.021250000000000000e+03
1.219100000000000000e+04 3.971886421843763948e+00 1.286450597389422512e+01 3.793642914076200157e+01 7.964250000000000000e+03
1.217025000000000000e+04 3.977477928906510307e+00 1.288693350503817925e+01 3.847688028056751364e+01 7.953750000000000000e+03
1.213875000000000000e+04 3.981400757157615544e+00 1.292106917158164947e+01 3.901575482225410951e+01 7.939000000000000000e+03
1.215650000000000000e+04 3.964759168244880172e+00 1.290168337915725338e+01 3.955491471385302304e+01 7.962250000000000000e+03
1.213275000000000000e+04 3.967355181907519679e+00 1.292715366977610891e+01 4.009337159253945515e+01 7.972000000000000000e+03
1.213175000000000000e+04 3.969765621508258402e+00 1.292806256263548192e+01 4.063163079866092176e+01 7.935000000000000000e+03
1.211700000000000000e+04 3.967523525741387669e+00 1.294405375729542840e+01 4.116903236091184226e+01 7.941500000000000000e+03
1.208075000000000000e+04 3.975970153039308119e+00 1.298350925516921350e+01 4.170792284393432681e+01 7.977750000000000000e+03
1.205425000000000000e+04 3.982673165049555930e+00 1.301093717112456893e+01 4.224546787820818849e+01 7.986250000000000000e+03
1.205175000000000000e+04 3.975176034079174414e+00 1.301348799521840505e+01 4.278199904351984628e+01 7.997750000000000000e+03
1.202975000000000000e+04 3.978869018001399915e+00 1.303672021668673864e+01 4.331735533237685587e+01 7.986000000000000000e+03
1.198100000000000000e+04 3.997766966034404845e+00 1.308966413822010111e+01 4.385312769010042899e+01 7.973750000000000000e+03
1.198400000000000000e+04 3.984898894432066019e+00 1.308626002757846507e+01 4.438743344492268506e+01 7.974000000000000000e+03
1.192300000000000000e+04 3.999641949555665654e+00 1.315322544902606339e+01 4.492130878367606783e+01 7.975750000000000000e+03
1.191750000000000000e+04 4.003612954241839716e+00 1.315934119221122778e+01 4.545384026781444220e+01 7.905500000000000000e+03
1.191800000000000000e+04 4.005963172934982275e+00 1.315931141235499879e+01 4.598654073011319099e+01 7.885250000000000000e+03
1.188900000000000000e+04 4.009238413003227031e+00 1.319116808001228947e+01 4.651829268292682684e+01 7.899000000000000000e+03
1.187975000000000000e+04 4.004247706410358987e+00 1.320138429533627367e+01 4.705007970667941919e+01 7.899500000000000000e+03
1.189875000000000000e+04 3.994483310660092545e+00 1.318009169844460438e+01 4.758095329188585509e+01 7.901500000000000000e+03
1.189000000000000000e+04 3.994573295466271379e+00 1.318987056388424328e+01 4.811181731229077485e+01 7.893500000000000000e+03
1.188300000000000000e+04 3.993892887966812744e+00 1.319777144657478907e+01 4.864122270046230057e+01 7.880250000000000000e+03
1.184425000000000000e+04 3.999920760110580620e+00 1.324094085956552647e+01 4.917029491471384972e+01 7.900500000000000000e+03
1.180500000000000000e+04 4.011126862007306393e+00 1.328531506770488591e+01 4.969868324565598527e+01 7.919750000000000000e+03
1.186000000000000000e+04 3.981010592797707748e+00 1.322328935653958126e+01 5.022659014825442370e+01 7.935000000000000000e+03
1.183600000000000000e+04 3.988094386417010639e+00 1.324991118245513988e+01 5.075366810138690710e+01 7.914000000000000000e+03
1.185475000000000000e+04 3.975446630901381617e+00 1.322914136909663263e+01 5.128054678782081766e+01 7.919500000000000000e+03
1.177925000000000000e+04 3.997519457305368284e+00 1.331385920409917034e+01 5.180651044157500706e+01 7.941000000000000000e+03
1.177325000000000000e+04 3.994956866969840981e+00 1.332048726057443666e+01 5.233235294117646674e+01 7.926250000000000000e+03
1.174550000000000000e+04 4.001480394483058589e+00 1.335207642245271309e+01 5.285763430575482147e+01 7.927000000000000000e+03
1.175925000000000000e+04 3.986365207872033078e+00 1.333643811702909510e+01 5.338308305435995749e+01 7.912250000000000000e+03
1.175075000000000000e+04 3.988025924755431717e+00 1.334671965138687000e+01 5.390719910728519437e+01 7.935000000000000000e+03
1.169650000000000000e+04 4.007019990885945404e+00 1.340826776906170004e+01 5.443217280408097736e+01 7.944750000000000000e+03
1.169350000000000000e+04 4.003224591593715687e+00 1.341140130002486508e+01 5.495729953770126741e+01 7.964250000000000000e+03
1.175125000000000000e+04 3.985874094121123257e+00 1.334566962362012177e+01 5.548212179180615067e+01 7.884000000000000000e+03
1.174650000000000000e+04 3.979836715820965765e+00 1.335095584670542301e+01 5.600582018173123089e+01 7.900000000000000000e+03
1.170675000000000000e+04 3.990325662764805159e+00 1.339670019814397151e+01 5.652942611190818667e+01 7.954000000000000000e+03
