2.653200000000000000e+04 3.467812452887079733e+00 5.910786974219810475e+00 1.000000000000000000e+00 7.463000000000000000e+03
2.765900000000000000e+04 2.963953866734155174e+00 5.669944683466503044e+00 2.000000000000000000e+00 6.761000000000000000e+03
2.417100000000000000e+04 2.974225311323486665e+00 6.488146952960159197e+00 2.877991391678622612e+00 4.900000000000000000e+03
2.143800000000000000e+04 2.935954846534191809e+00 7.315281276238454922e+00 3.692829587119400792e+00 3.817000000000000000e+03
1.949300000000000000e+04 2.866413584363617595e+00 8.045195711280973327e+00 4.434905149051490802e+00 3.173000000000000000e+03
1.786600000000000000e+04 2.843221762006045150e+00 8.777846188290608254e+00 5.212995377012593856e+00 2.675000000000000000e+03
1.647900000000000000e+04 2.844590084349778447e+00 9.516657564172582795e+00 5.962556990275785118e+00 2.341000000000000000e+03
1.539300000000000000e+04 2.844474761255115780e+00 1.018807250048723390e+01 6.767007811254583061e+00 2.121000000000000000e+03
1.447700000000000000e+04 2.854113421288940966e+00 1.083270014505767698e+01 7.547616770285349830e+00 1.964000000000000000e+03
1.366700000000000000e+04 2.876271310455842389e+00 1.147472012877734748e+01 8.372931611669057972e+00 1.845000000000000000e+03
1.299000000000000000e+04 2.898229407236335486e+00 1.207274826789838329e+01 9.180398533397099214e+00 1.747000000000000000e+03
1.237000000000000000e+04 2.924575586095392143e+00 1.267784963621665284e+01 1.001728678463255306e+01 1.659000000000000000e+03
1.180100000000000000e+04 2.950766884162359105e+00 1.328912803999661030e+01 1.084007014187788975e+01 1.580000000000000000e+03
1.129000000000000000e+04 2.975642161204605785e+00 1.389061116031886556e+01 1.168650406504064954e+01 1.503000000000000000e+03
1.084400000000000000e+04 2.996126890446329849e+00 1.446191442272224315e+01 1.252383867368085468e+01 1.437000000000000000e+03
1.041800000000000000e+04 3.027356498368209081e+00 1.505327318103282863e+01 1.337994579945799423e+01 1.357000000000000000e+03
1.003700000000000000e+04 3.050214207432499602e+00 1.562468865198764512e+01 1.422975928582815186e+01 1.289000000000000000e+03
9.685000000000000000e+03 3.074858027878162314e+00 1.619256582343830786e+01 1.509330782719591824e+01 1.233000000000000000e+03
9.353000000000000000e+03 3.104886132791617737e+00 1.676734737517374185e+01 1.595399968117328271e+01 1.178000000000000000e+03
9.017000000000000000e+03 3.145613840523455718e+00 1.739214816457801760e+01 1.682587597640682375e+01 1.135000000000000000e+03
8.732000000000000000e+03 3.174186898763169840e+00 1.795980302336234402e+01 1.769542483660130827e+01 1.076000000000000000e+03
8.501000000000000000e+03 3.188683684272438423e+00 1.844782966709798799e+01 1.857194324884425285e+01 1.039000000000000000e+03
8.263000000000000000e+03 3.219169793053370476e+00 1.897918431562386488e+01 1.944527977044476330e+01 1.001000000000000000e+03
8.036000000000000000e+03 3.244897959183673297e+00 1.951530612244897966e+01 2.032619799139168038e+01 9.750000000000000000e+02
7.819000000000000000e+03 3.277145415014707908e+00 2.005691264867630252e+01 2.120636378128487110e+01 9.350000000000000000e+02
7.610000000000000000e+03 3.306307490144546612e+00 2.060775295663600559e+01 2.209282958711940026e+01 8.960000000000000000e+02
7.421000000000000000e+03 3.331491712707182362e+00 2.113259668508287348e+01 2.297722301928901700e+01 8.590000000000000000e+02
7.238000000000000000e+03 3.359906051395413318e+00 2.166689693285437812e+01 2.386761039375099713e+01 8.290000000000000000e+02
7.054000000000000000e+03 3.391692656648710003e+00 2.223206691239013466e+01 2.475522397576916944e+01 8.040000000000000000e+02
6.889000000000000000e+03 3.419799680650311924e+00 2.276455218464218433e+01 2.564573888091821985e+01 7.760000000000000000e+02
6.724000000000000000e+03 3.447501487209994053e+00 2.332317073170731803e+01 2.653530368244858906e+01 7.460000000000000000e+02
6.586000000000000000e+03 3.466140297600971643e+00 2.381187367142423383e+01 2.742762952335405657e+01 7.140000000000000000e+02
6.424000000000000000e+03 3.501245330012453305e+00 2.441235990037359826e+01 2.831764068228917708e+01 6.930000000000000000e+02
6.289000000000000000e+03 3.523612657020193772e+00 2.493639688344729066e+01 2.920980073330144933e+01 6.790000000000000000e+02
6.175000000000000000e+03 3.536842105263157787e+00 2.539676113360323839e+01 3.010067910090865695e+01 6.590000000000000000e+02
6.048000000000000000e+03 3.565641534391534417e+00 2.593005952380952550e+01 3.099308146022636734e+01 6.420000000000000000e+02
5.906000000000000000e+03 3.604470030477480602e+00 2.655350491026075233e+01 3.188415750039853336e+01 6.210000000000000000e+02
5.798000000000000000e+03 3.623663332183511443e+00 2.704812004139358450e+01 3.277864498644986213e+01 6.090000000000000000e+02
5.695000000000000000e+03 3.647234416154521597e+00 2.753731343283581978e+01 3.367324725011955877e+01 5.850000000000000000e+02
5.589000000000000000e+03 3.672392198962247445e+00 2.805958132045088504e+01 3.456795791487326852e+01 5.720000000000000000e+02
5.512000000000000000e+03 3.683780841799709549e+00 2.845156023222060782e+01 3.546128487167224819e+01 5.590000000000000000e+02
5.420000000000000000e+03 3.710147601476014856e+00 2.893450184501844902e+01 3.635623146819703777e+01 5.480000000000000000e+02
5.319000000000000000e+03 3.738860688099266749e+00 2.948392554991539782e+01 3.724934799936234953e+01 5.370000000000000000e+02
5.240000000000000000e+03 3.756106870229007466e+00 2.992843511450381655e+01 3.814089590307667521e+01 5.190000000000000000e+02
5.151000000000000000e+03 3.781207532517957493e+00 3.044554455445544505e+01 3.903026303204208602e+01 5.040000000000000000e+02
5.051000000000000000e+03 3.817263908137002559e+00 3.104830726588794221e+01 3.991890323609118241e+01 4.920000000000000000e+02
4.973000000000000000e+03 3.835109591795696549e+00 3.153529056907299477e+01 4.080449545671927325e+01 4.810000000000000000e+02
4.882000000000000000e+03 3.869930356411306782e+00 3.212310528471937943e+01 4.168695042244539906e+01 4.710000000000000000e+02
4.799000000000000000e+03 3.896645134403000643e+00 3.267868305897061987e+01 4.256723736649131240e+01 4.630000000000000000e+02
4.730000000000000000e+03 3.912684989429175531e+00 3.315539112050740300e+01 4.344549657261278242e+01 4.470000000000000000e+02
4.650000000000000000e+03 3.943010752688171916e+00 3.372580645161290391e+01 4.431924756894628104e+01 4.400000000000000000e+02
4.584000000000000000e+03 3.960296684118673749e+00 3.421138743455497178e+01 4.519256496094372721e+01 4.330000000000000000e+02
4.519000000000000000e+03 3.978535074131444915e+00 3.470347421996017090e+01 4.606436473776502538e+01 4.260000000000000000e+02
4.466000000000000000e+03 3.990371697268249029e+00 3.511531571876399482e+01 4.693492109038737681e+01 4.160000000000000000e+02
4.413000000000000000e+03 4.005891683661907621e+00 3.553704962610468954e+01 4.780395345129922191e+01 4.070000000000000000e+02
4.352000000000000000e+03 4.027573529411764497e+00 3.603515625000000000e+01 4.867117487645464990e+01 3.980000000000000000e+02
4.286000000000000000e+03 4.053429771348576516e+00 3.659006066262249135e+01 4.953559062649450340e+01 3.920000000000000000e+02
4.233000000000000000e+03 4.072289156626506035e+00 3.704819277108433795e+01 5.039810616929698739e+01 3.840000000000000000e+02
4.184000000000000000e+03 4.085564053537284579e+00 3.748207456978967400e+01 5.125539295392953676e+01 3.800000000000000000e+02
4.124000000000000000e+03 4.110087293889427507e+00 3.802740058195926309e+01 5.210978479196556634e+01 3.740000000000000000e+02
4.068000000000000000e+03 4.133235004916421040e+00 3.855088495575220975e+01 5.296149210903873694e+01 3.650000000000000000e+02
4.016000000000000000e+03 4.150149402390438169e+00 3.905004980079681332e+01 5.381163717519527978e+01 3.630000000000000000e+02
3.964000000000000000e+03 4.172552976791120471e+00 3.956231079717456822e+01 5.466050693448111275e+01 3.510000000000000000e+02
3.918000000000000000e+03 4.189637570188871507e+00 4.002679938744257271e+01 5.550699186991869993e+01 3.490000000000000000e+02
3.864000000000000000e+03 4.218685300207039468e+00 4.058618012422360266e+01 5.634713853020883079e+01 3.460000000000000000e+02
3.823000000000000000e+03 4.231232016740779756e+00 4.102144912372482111e+01 5.718349752909293926e+01 3.370000000000000000e+02
3.778000000000000000e+03 4.251720487030175022e+00 4.151005823186871169e+01 5.801563526223497291e+01 3.340000000000000000e+02
3.734000000000000000e+03 4.275307980717728995e+00 4.199919657204070944e+01 5.884510122748286420e+01 3.250000000000000000e+02
3.698000000000000000e+03 4.289616008653325707e+00 4.240805840995132314e+01 5.967080503746213793e+01 3.180000000000000000e+02
3.665000000000000000e+03 4.298226466575716387e+00 4.278990450204638307e+01 6.049262553802008568e+01 3.120000000000000000e+02
3.613000000000000000e+03 4.333241073899806395e+00 4.340575698865208665e+01 6.131058185875976108e+01 3.060000000000000000e+02
3.572000000000000000e+03 4.353863381858902315e+00 4.390397536394176825e+01 6.212902279611031275e+01 3.020000000000000000e+02
3.530000000000000000e+03 4.377620396600566899e+00 4.442634560906515873e+01 6.294649450023911896e+01 2.980000000000000000e+02
3.482000000000000000e+03 4.409247558874210604e+00 4.503877082136703081e+01 6.375974493862585746e+01 2.900000000000000000e+02
3.442000000000000000e+03 4.426786751888436733e+00 4.556217315514236077e+01 6.456853817949944130e+01 2.860000000000000000e+02
3.408000000000000000e+03 4.438967136150234971e+00 4.601672535211267956e+01 6.537247250119560249e+01 2.850000000000000000e+02
3.375000000000000000e+03 4.453629629629629605e+00 4.646666666666666856e+01 6.617168181093575186e+01 2.820000000000000000e+02
3.345000000000000000e+03 4.466367713004483875e+00 4.688340807174888170e+01 6.696915032679738999e+01 2.780000000000000000e+02
3.303000000000000000e+03 4.493793521041477668e+00 4.747956403269754588e+01 6.776178542961899609e+01 2.760000000000000000e+02
3.270000000000000000e+03 4.504587155963302614e+00 4.795871559633027204e+01 6.854815877570540295e+01 2.730000000000000000e+02
3.243000000000000000e+03 4.511871723712611804e+00 4.835800185013876273e+01 6.933023433763749210e+01 2.690000000000000000e+02
3.217000000000000000e+03 4.520360584395399783e+00 4.874883431768728315e+01 7.010932568149210908e+01 2.680000000000000000e+02
3.183000000000000000e+03 4.546339930882814961e+00 4.926955702167766304e+01 7.088359636537542485e+01 2.640000000000000000e+02
3.155000000000000000e+03 4.558161648177495806e+00 4.970681458003169695e+01 7.165382432647855637e+01 2.610000000000000000e+02
3.121000000000000000e+03 4.579301505927587002e+00 5.024831784684396041e+01 7.241944842977841290e+01 2.590000000000000000e+02
3.087000000000000000e+03 4.599287333981211923e+00 5.080174927113702665e+01 7.318009245974812416e+01 2.570000000000000000e+02
3.053000000000000000e+03 4.619063216508352276e+00 5.136750736980019383e+01 7.393814124023593592e+01 2.550000000000000000e+02
3.024000000000000000e+03 4.634920634920635329e+00 5.186011904761905100e+01 7.469438546150166758e+01 2.520000000000000000e+02
2.991000000000000000e+03 4.653627549314610867e+00 5.243229689067201349e+01 7.544709070620118041e+01 2.510000000000000000e+02
2.962000000000000000e+03 4.663740715732613396e+00 5.294564483457123316e+01 7.619628248047186503e+01 2.510000000000000000e+02
2.931000000000000000e+03 4.682360968952576030e+00 5.350562947799385682e+01 7.694165471066474993e+01 2.480000000000000000e+02
2.895000000000000000e+03 4.712262521588946207e+00 5.417098445595854628e+01 7.768578351665870230e+01 2.460000000000000000e+02
2.869000000000000000e+03 4.720808644126873510e+00 5.466190310212617476e+01 7.842714490674318029e+01 2.460000000000000000e+02
2.853000000000000000e+03 4.718892393971258592e+00 5.496845425867508084e+01 7.916344970508528434e+01 2.430000000000000000e+02
2.822000000000000000e+03 4.751948972360028556e+00 5.557228915662650337e+01 7.989407301131835482e+01 2.350000000000000000e+02
2.794000000000000000e+03 4.774158911954187623e+00 5.612920544022906455e+01 8.062044954567193145e+01 2.310000000000000000e+02
2.772000000000000000e+03 4.785353535353535470e+00 5.657467532467532578e+01 8.134155268611509371e+01 2.280000000000000000e+02
2.742000000000000000e+03 4.811451495258935118e+00 5.719365426695842558e+01 8.205831978319783104e+01 2.270000000000000000e+02
2.719000000000000000e+03 4.823096726737770901e+00 5.767745494667156692e+01 8.277258727881395828e+01 2.250000000000000000e+02
2.697000000000000000e+03 4.833518724508713227e+00 5.814794215795328114e+01 8.348530527658218148e+01 2.230000000000000000e+02
