8.836000000000000000e+03 1.775000000000000000e+01 1.775000000000000000e+01 1.000000000000000000e+00 0.000000000000000000e+00
1.208200000000000000e+04 1.298121171991392231e+01 1.298121171991392231e+01 2.000000000000000000e+00 0.000000000000000000e+00
1.405300000000000000e+04 1.116053511705685608e+01 1.116053511705685608e+01 2.407290278565918040e+00 0.000000000000000000e+00
1.584200000000000000e+04 9.900201994697638952e+00 9.900201994697638952e+00 2.694731539986865432e+00 0.000000000000000000e+00
1.666300000000000000e+04 9.412410730360679878e+00 9.412410730360679878e+00 2.862004986004756280e+00 0.000000000000000000e+00
1.759300000000000000e+04 8.914852498152674443e+00 8.914852498152674443e+00 2.986240667180994457e+00 0.000000000000000000e+00
1.790500000000000000e+04 8.759508517173973274e+00 8.759508517173973274e+00 3.065417402559312610e+00 0.000000000000000000e+00
1.846400000000000000e+04 8.494313258232235597e+00 8.494313258232235597e+00 3.125077308577585811e+00 0.000000000000000000e+00
1.850500000000000000e+04 8.475493109970278383e+00 8.475493109970278383e+00 3.166011004915869176e+00 0.000000000000000000e+00
1.895900000000000000e+04 8.272535471280130892e+00 8.272535471280130892e+00 3.198005598097411806e+00 0.000000000000000000e+00
1.888300000000000000e+04 8.305830641317587748e+00 8.305830641317587748e+00 3.220595642665408320e+00 0.000000000000000000e+00
1.922900000000000000e+04 8.156378386811587333e+00 8.156378386811587333e+00 3.238537608630506437e+00 0.000000000000000000e+00
1.910800000000000000e+04 8.208028051078082754e+00 8.208028051078082754e+00 3.252418084787584540e+00 0.000000000000000000e+00
1.939200000000000000e+04 8.087819719471946556e+00 8.087819719471946556e+00 3.264481410873571132e+00 0.000000000000000000e+00
1.924000000000000000e+04 8.151715176715176980e+00 8.151715176715176980e+00 3.274549059863936851e+00 0.000000000000000000e+00
1.950500000000000000e+04 8.040963855421686901e+00 8.040963855421686901e+00 3.283481787055515522e+00 0.000000000000000000e+00
1.932300000000000000e+04 8.116700305335610821e+00 8.116700305335610821e+00 3.290342325569532989e+00 0.000000000000000000e+00
1.960400000000000000e+04 8.000357069985717828e+00 8.000357069985717828e+00 3.296386740542849747e+00 0.000000000000000000e+00
1.937800000000000000e+04 8.093662916709670085e+00 8.093662916709670085e+00 3.301576776184494744e+00 0.000000000000000000e+00
1.963700000000000000e+04 7.986912461170240007e+00 7.986912461170240007e+00 3.306231230752555206e+00 0.000000000000000000e+00
1.942800000000000000e+04 8.072833024500720711e+00 8.072833024500720711e+00 3.310139697396693226e+00 0.000000000000000000e+00
1.967100000000000000e+04 7.973107620354837444e+00 7.973107620354837444e+00 3.313927020702758686e+00 0.000000000000000000e+00
1.945800000000000000e+04 8.060386473429952403e+00 8.060386473429952403e+00 3.317389169785576186e+00 0.000000000000000000e+00
1.969400000000000000e+04 7.963796080024373225e+00 7.963796080024373225e+00 3.320774807286452912e+00 0.000000000000000000e+00
1.948300000000000000e+04 8.050043627778062927e+00 8.050043627778062927e+00 3.323701375295685434e+00 0.000000000000000000e+00
1.973500000000000000e+04 7.947251076767164690e+00 7.947251076767164690e+00 3.326430288384904177e+00 0.000000000000000000e+00
1.950400000000000000e+04 8.041376127973748567e+00 8.041376127973748567e+00 3.328859531111521886e+00 0.000000000000000000e+00
1.973900000000000000e+04 7.945640609959977674e+00 7.945640609959977674e+00 3.331250518047169429e+00 0.000000000000000000e+00
1.951200000000000000e+04 8.038079130791308202e+00 8.038079130791308202e+00 3.333411970236994648e+00 0.000000000000000000e+00
1.975900000000000000e+04 7.937598056581810724e+00 7.937598056581810724e+00 3.335171736621631133e+00 0.000000000000000000e+00
1.953100000000000000e+04 8.030259587322717607e+00 8.030259587322717607e+00 3.336842239494003604e+00 0.000000000000000000e+00
1.976600000000000000e+04 7.934787007993524099e+00 7.934787007993524099e+00 3.338506366401214009e+00 0.000000000000000000e+00
1.954200000000000000e+04 8.025739433016067181e+00 8.025739433016067181e+00 3.339896326806470306e+00 0.000000000000000000e+00
1.977900000000000000e+04 7.929571768036806745e+00 7.929571768036806745e+00 3.341184271769138903e+00 0.000000000000000000e+00
1.954600000000000000e+04 8.024097001944131335e+00 8.024097001944131335e+00 3.342465840766645879e+00 0.000000000000000000e+00
1.978900000000000000e+04 7.925564707665874842e+00 7.925564707665874842e+00 3.343709153973182691e+00 0.000000000000000000e+00
1.955000000000000000e+04 8.022455242966751499e+00 8.022455242966751499e+00 3.344850451737131802e+00 0.000000000000000000e+00
1.979500000000000000e+04 7.923162414751200089e+00 7.923162414751200089e+00 3.346004501431404154e+00 0.000000000000000000e+00
1.955500000000000000e+04 8.020403988749681190e+00 8.020403988749681190e+00 3.346890760588884017e+00 0.000000000000000000e+00
1.980300000000000000e+04 7.919961621976468358e+00 7.919961621976468358e+00 3.347681380268938245e+00 0.000000000000000000e+00
1.956600000000000000e+04 8.015894919758764559e+00 8.015894919758764559e+00 3.348554887496094867e+00 0.000000000000000000e+00
1.979900000000000000e+04 7.921561695035102879e+00 7.921561695035102879e+00 3.349383762967119260e+00 0.000000000000000000e+00
1.956600000000000000e+04 8.015894919758764559e+00 8.015894919758764559e+00 3.350046863343938863e+00 0.000000000000000000e+00
1.980400000000000000e+04 7.919561704706119976e+00 7.919561704706119976e+00 3.350684459860111541e+00 0.000000000000000000e+00
1.956600000000000000e+04 8.015894919758764559e+00 8.015894919758764559e+00 3.351328432341445840e+00 0.000000000000000000e+00
1.980600000000000000e+04 7.918761991315762749e+00 7.918761991315762749e+00 3.351985156753103379e+00 0.000000000000000000e+00
1.957000000000000000e+04 8.014256515074093201e+00 8.014256515074093201e+00 3.352565369582820587e+00 0.000000000000000000e+00
1.981600000000000000e+04 7.914765845781187359e+00 7.914765845781187359e+00 3.353171086273184720e+00 0.000000000000000000e+00
1.957600000000000000e+04 8.011800163465467861e+00 8.011800163465467861e+00 3.353744923137739864e+00 0.000000000000000000e+00
1.982000000000000000e+04 7.913168516649848883e+00 7.913168516649848883e+00 3.354210368594546132e+00 0.000000000000000000e+00
1.957200000000000000e+04 8.013437563866748548e+00 8.013437563866748548e+00 3.354707693877160501e+00 0.000000000000000000e+00
1.981800000000000000e+04 7.913967100615601602e+00 7.913967100615601602e+00 3.355077499856540690e+00 0.000000000000000000e+00
1.956900000000000000e+04 8.014666053451888317e+00 8.014666053451888317e+00 3.355517441452700034e+00 0.000000000000000000e+00
1.982100000000000000e+04 7.912769285101659555e+00 7.912769285101659555e+00 3.355906375327565083e+00 0.000000000000000000e+00
1.957200000000000000e+04 8.013437563866748548e+00 8.013437563866748548e+00 3.356371820784371351e+00 0.000000000000000000e+00
1.982400000000000000e+04 7.911571832122679560e+00 7.911571832122679560e+00 3.356767130624398465e+00 0.000000000000000000e+00
1.957500000000000000e+04 8.012209450830139801e+00 8.012209450830139801e+00 3.357162440464425135e+00 0.000000000000000000e+00
1.982200000000000000e+04 7.912370093835132678e+00 7.912370093835132678e+00 3.357557750304452249e+00 0.000000000000000000e+00
1.957500000000000000e+04 8.012209450830139801e+00 8.012209450830139801e+00 3.357933932248994058e+00 0.000000000000000000e+00
1.982500000000000000e+04 7.911172761664564845e+00 7.911172761664564845e+00 3.358278234367727322e+00 0.000000000000000000e+00
1.957700000000000000e+04 8.011390917913878695e+00 8.011390917913878695e+00 3.358546024904519811e+00 0.000000000000000000e+00
1.982900000000000000e+04 7.909576882344041771e+00 7.909576882344041771e+00 3.358756431754856830e+00 0.000000000000000000e+00
1.958300000000000000e+04 8.008936322320380441e+00 8.008936322320380441e+00 3.358954086674870609e+00 0.000000000000000000e+00
1.983200000000000000e+04 7.908380395320693701e+00 7.908380395320693701e+00 3.359075230012943170e+00 0.000000000000000000e+00
1.958400000000000000e+04 8.008527369281045694e+00 8.008527369281045694e+00 3.359228253176824719e+00 0.000000000000000000e+00
1.982900000000000000e+04 7.909576882344041771e+00 7.909576882344041771e+00 3.359419532131676434e+00 0.000000000000000000e+00
1.958200000000000000e+04 8.009345317127975150e+00 8.009345317127975150e+00 3.359623563016851833e+00 0.000000000000000000e+00
1.983000000000000000e+04 7.909178013111446859e+00 7.909178013111446859e+00 3.359846721797512092e+00 0.000000000000000000e+00
1.958200000000000000e+04 8.009345317127975150e+00 8.009345317127975150e+00 3.360012496891716882e+00 0.000000000000000000e+00
1.982900000000000000e+04 7.909576882344041771e+00 7.909576882344041771e+00 3.360191023916245356e+00 0.000000000000000000e+00
1.958200000000000000e+04 8.009345317127975150e+00 8.009345317127975150e+00 3.360350423045288526e+00 0.000000000000000000e+00
1.983100000000000000e+04 7.908779184105693361e+00 7.908779184105693361e+00 3.360490694278846391e+00 0.000000000000000000e+00
1.958300000000000000e+04 8.008936322320380441e+00 8.008936322320380441e+00 3.360624589547242635e+00 0.000000000000000000e+00
1.983200000000000000e+04 7.908380395320693701e+00 7.908380395320693701e+00 3.360783988676285805e+00 0.000000000000000000e+00
1.958000000000000000e+04 8.010163432073545309e+00 8.010163432073545309e+00 3.360943387805328975e+00 0.000000000000000000e+00
1.982900000000000000e+04 7.909576882344041771e+00 7.909576882344041771e+00 3.361032651317592990e+00 0.000000000000000000e+00
1.957900000000000000e+04 8.010572552224321186e+00 8.010572552224321186e+00 3.361153794655665994e+00 0.000000000000000000e+00
1.983100000000000000e+04 7.908779184105693361e+00 7.908779184105693361e+00 3.361281313958900618e+00 0.000000000000000000e+00
1.958000000000000000e+04 8.010163432073545309e+00 8.010163432073545309e+00 3.361427961157620103e+00 0.000000000000000000e+00
1.983300000000000000e+04 7.907981646750365634e+00 7.907981646750365634e+00 3.361542728530531488e+00 0.000000000000000000e+00
1.957900000000000000e+04 8.010572552224321186e+00 8.010572552224321186e+00 3.361631992042795503e+00 0.000000000000000000e+00
1.983300000000000000e+04 7.907981646750365634e+00 7.907981646750365634e+00 3.361753135380868063e+00 0.000000000000000000e+00
1.958400000000000000e+04 8.008527369281045694e+00 8.008527369281045694e+00 3.361867902753779447e+00 0.000000000000000000e+00
1.982900000000000000e+04 7.909576882344041771e+00 7.909576882344041771e+00 3.361963542231205082e+00 0.000000000000000000e+00
1.958300000000000000e+04 8.008936322320380441e+00 8.008936322320380441e+00 3.362059181708631161e+00 0.000000000000000000e+00
1.982900000000000000e+04 7.909576882344041771e+00 7.909576882344041771e+00 3.362186701011865786e+00 0.000000000000000000e+00
1.958600000000000000e+04 8.007709588481567664e+00 8.007709588481567664e+00 3.362269588558968181e+00 0.000000000000000000e+00
1.983100000000000000e+04 7.908779184105693361e+00 7.908779184105693361e+00 3.362320596280262031e+00 0.000000000000000000e+00
1.958800000000000000e+04 8.006891974678374879e+00 8.006891974678374879e+00 3.362390731897040741e+00 0.000000000000000000e+00
1.983200000000000000e+04 7.908380395320693701e+00 7.908380395320693701e+00 3.362460867513819895e+00 0.000000000000000000e+00
1.958700000000000000e+04 8.007300760708632836e+00 8.007300760708632836e+00 3.362518251200275365e+00 0.000000000000000000e+00
1.983100000000000000e+04 7.908779184105693361e+00 7.908779184105693361e+00 3.362569258921569215e+00 0.000000000000000000e+00
1.958700000000000000e+04 8.007300760708632836e+00 8.007300760708632836e+00 3.362613890677701445e+00 0.000000000000000000e+00
1.982900000000000000e+04 7.909576882344041771e+00 7.909576882344041771e+00 3.362671274364156915e+00 0.000000000000000000e+00
1.958500000000000000e+04 8.008118458003574247e+00 8.008118458003574247e+00 3.362715906120289144e+00 0.000000000000000000e+00
1.983300000000000000e+04 7.907981646750365634e+00 7.907981646750365634e+00 3.362754161911259310e+00 0.000000000000000000e+00
1.958800000000000000e+04 8.006891974678374879e+00 8.006891974678374879e+00 3.362817921562876400e+00 0.000000000000000000e+00
1.983300000000000000e+04 7.907981646750365634e+00 7.907981646750365634e+00 3.362888057179655554e+00 0.000000000000000000e+00
1.958700000000000000e+04 8.007300760708632836e+00 8.007300760708632836e+00 3.362951816831272644e+00 0.000000000000000000e+00
1.983100000000000000e+04 7.908779184105693361e+00 7.908779184105693361e+00 3.362996448587404874e+00 0.000000000000000000e+00
