2.665100000000000000e+04 3.000000000000000000e+00 5.884394581816817293e+00 1.000000000000000000e+00
2.992800000000000000e+04 2.000000000000000000e+00 5.240076182838812713e+00 2.000000000000000000e+00
2.939800000000000000e+04 2.000000000000000000e+00 5.334546567793727156e+00 2.394937031723258336e+00
2.878800000000000000e+04 2.000000000000000000e+00 5.447582325969153594e+00 2.605777140124342584e+00
2.840600000000000000e+04 1.000000000000000000e+00 5.520840667464620211e+00 2.697548222541048979e+00
2.820000000000000000e+04 1.000000000000000000e+00 5.561170212765957466e+00 2.741833253626654088e+00
2.808200000000000000e+04 1.000000000000000000e+00 5.584538138309237176e+00 2.763596365375418529e+00
2.803100000000000000e+04 1.000000000000000000e+00 5.594698726410046064e+00 2.774736170891120679e+00
2.800500000000000000e+04 1.000000000000000000e+00 5.599892876272094533e+00 2.780379403794038140e+00
2.799200000000000000e+04 1.000000000000000000e+00 5.602493569591311839e+00 2.783350868802805689e+00
2.797100000000000000e+04 1.000000000000000000e+00 5.606699796217511356e+00 2.785047026940857595e+00
2.796800000000000000e+04 1.000000000000000000e+00 5.607301201372997923e+00 2.786124661246612622e+00
2.796100000000000000e+04 1.000000000000000000e+00 5.608704981939129475e+00 2.786781444285030940e+00
2.795900000000000000e+04 1.000000000000000000e+00 5.609106191208555359e+00 2.787081141399649464e+00
2.795900000000000000e+04 1.000000000000000000e+00 5.609106191208555359e+00 2.787285190498963949e+00
2.795900000000000000e+04 1.000000000000000000e+00 5.609106191208555359e+00 2.787368085445560251e+00
2.795900000000000000e+04 1.000000000000000000e+00 5.609106191208555359e+00 2.787406344651681689e+00
2.795900000000000000e+04 1.000000000000000000e+00 5.609106191208555359e+00 2.787425474254742408e+00
2.795900000000000000e+04 1.000000000000000000e+00 5.609106191208555359e+00 2.787438227323449702e+00
2.795900000000000000e+04 1.000000000000000000e+00 5.609106191208555359e+00 2.787444603857803127e+00
2.795900000000000000e+04 1.000000000000000000e+00 5.609106191208555359e+00 2.787450980392156996e+00
2.795900000000000000e+04 1.000000000000000000e+00 5.609106191208555359e+00 2.787450980392156996e+00
2.795900000000000000e+04 1.000000000000000000e+00 5.609106191208555359e+00 2.787450980392156996e+00
2.795900000000000000e+04 1.000000000000000000e+00 5.609106191208555359e+00 2.787450980392156996e+00
2.795900000000000000e+04 1.000000000000000000e+00 5.609106191208555359e+00 2.787450980392156996e+00
2.795900000000000000e+04 1.000000000000000000e+00 5.609106191208555359e+00 2.787450980392156996e+00
2.795900000000000000e+04 1.000000000000000000e+00 5.609106191208555359e+00 2.787450980392156996e+00
2.795900000000000000e+04 1.000000000000000000e+00 5.609106191208555359e+00 2.787450980392156996e+00
2.795900000000000000e+04 1.000000000000000000e+00 5.609106191208555359e+00 2.787450980392156996e+00
2.795900000000000000e+04 1.000000000000000000e+00 5.609106191208555359e+00 2.787450980392156996e+00
2.795900000000000000e+04 1.000000000000000000e+00 5.609106191208555359e+00 2.787450980392156996e+00
2.795900000000000000e+04 1.000000000000000000e+00 5.609106191208555359e+00 2.787450980392156996e+00
2.795900000000000000e+04 1.000000000000000000e+00 5.609106191208555359e+00 2.787450980392156996e+00
2.795900000000000000e+04 1.000000000000000000e+00 5.609106191208555359e+00 2.787450980392156996e+00
2.795900000000000000e+04 1.000000000000000000e+00 5.609106191208555359e+00 2.787450980392156996e+00
2.795900000000000000e+04 1.000000000000000000e+00 5.609106191208555359e+00 2.787450980392156996e+00
2.795900000000000000e+04 1.000000000000000000e+00 5.609106191208555359e+00 2.787450980392156996e+00
2.795900000000000000e+04 1.000000000000000000e+00 5.609106191208555359e+00 2.787450980392156996e+00
2.795900000000000000e+04 1.000000000000000000e+00 5.609106191208555359e+00 2.787450980392156996e+00
2.795900000000000000e+04 1.000000000000000000e+00 5.609106191208555359e+00 2.787450980392156996e+00
2.795900000000000000e+04 1.000000000000000000e+00 5.609106191208555359e+00 2.787450980392156996e+00
2.795900000000000000e+04 1.000000000000000000e+00 5.609106191208555359e+00 2.787450980392156996e+00
2.795900000000000000e+04 1.000000000000000000e+00 5.609106191208555359e+00 2.787450980392156996e+00
2.795900000000000000e+04 1.000000000000000000e+00 5.609106191208555359e+00 2.787450980392156996e+00
2.795900000000000000e+04 1.000000000000000000e+00 5.609106191208555359e+00 2.787450980392156996e+00
2.795900000000000000e+04 1.000000000000000000e+00 5.609106191208555359e+00 2.787450980392156996e+00
2.795900000000000000e+04 1.000000000000000000e+00 5.609106191208555359e+00 2.787450980392156996e+00
2.795900000000000000e+04 1.000000000000000000e+00 5.609106191208555359e+00 2.787450980392156996e+00
2.795900000000000000e+04 1.000000000000000000e+00 5.609106191208555359e+00 2.787450980392156996e+00
2.795900000000000000e+04 1.000000000000000000e+00 5.609106191208555359e+00 2.787450980392156996e+00
2.795900000000000000e+04 1.000000000000000000e+00 5.609106191208555359e+00 2.787450980392156996e+00
2.795900000000000000e+04 1.000000000000000000e+00 5.609106191208555359e+00 2.787450980392156996e+00
2.795900000000000000e+04 1.000000000000000000e+00 5.609106191208555359e+00 2.787450980392156996e+00
2.795900000000000000e+04 1.000000000000000000e+00 5.609106191208555359e+00 2.787450980392156996e+00
2.795900000000000000e+04 1.000000000000000000e+00 5.609106191208555359e+00 2.787450980392156996e+00
2.795900000000000000e+04 1.000000000000000000e+00 5.609106191208555359e+00 2.787450980392156996e+00
2.795900000000000000e+04 1.000000000000000000e+00 5.609106191208555359e+00 2.787450980392156996e+00
2.795900000000000000e+04 1.000000000000000000e+00 5.609106191208555359e+00 2.787450980392156996e+00
2.795900000000000000e+04 1.000000000000000000e+00 5.609106191208555359e+00 2.787450980392156996e+00
2.795900000000000000e+04 1.000000000000000000e+00 5.609106191208555359e+00 2.787450980392156996e+00
2.795900000000000000e+04 1.000000000000000000e+00 5.609106191208555359e+00 2.787450980392156996e+00
2.795900000000000000e+04 1.000000000000000000e+00 5.609106191208555359e+00 2.787450980392156996e+00
2.795900000000000000e+04 1.000000000000000000e+00 5.609106191208555359e+00 2.787450980392156996e+00
2.795900000000000000e+04 1.000000000000000000e+00 5.609106191208555359e+00 2.787450980392156996e+00
2.795900000000000000e+04 1.000000000000000000e+00 5.609106191208555359e+00 2.787450980392156996e+00
2.795900000000000000e+04 1.000000000000000000e+00 5.609106191208555359e+00 2.787450980392156996e+00
2.795900000000000000e+04 1.000000000000000000e+00 5.609106191208555359e+00 2.787450980392156996e+00
2.795900000000000000e+04 1.000000000000000000e+00 5.609106191208555359e+00 2.787450980392156996e+00
2.795900000000000000e+04 1.000000000000000000e+00 5.609106191208555359e+00 2.787450980392156996e+00
2.795900000000000000e+04 1.000000000000000000e+00 5.609106191208555359e+00 2.787450980392156996e+00
2.795900000000000000e+04 1.000000000000000000e+00 5.609106191208555359e+00 2.787450980392156996e+00
2.795900000000000000e+04 1.000000000000000000e+00 5.609106191208555359e+00 2.787450980392156996e+00
2.795900000000000000e+04 1.000000000000000000e+00 5.609106191208555359e+00 2.787450980392156996e+00
2.795900000000000000e+04 1.000000000000000000e+00 5.609106191208555359e+00 2.787450980392156996e+00
2.795900000000000000e+04 1.000000000000000000e+00 5.609106191208555359e+00 2.787450980392156996e+00
2.795900000000000000e+04 1.000000000000000000e+00 5.609106191208555359e+00 2.787450980392156996e+00
2.795900000000000000e+04 1.000000000000000000e+00 5.609106191208555359e+00 2.787450980392156996e+00
2.795900000000000000e+04 1.000000000000000000e+00 5.609106191208555359e+00 2.787450980392156996e+00
2.795900000000000000e+04 1.000000000000000000e+00 5.609106191208555359e+00 2.787450980392156996e+00
2.795900000000000000e+04 1.000000000000000000e+00 5.609106191208555359e+00 2.787450980392156996e+00
2.795900000000000000e+04 1.000000000000000000e+00 5.609106191208555359e+00 2.787450980392156996e+00
2.795900000000000000e+04 1.000000000000000000e+00 5.609106191208555359e+00 2.787450980392156996e+00
2.795900000000000000e+04 1.000000000000000000e+00 5.609106191208555359e+00 2.787450980392156996e+00
2.795900000000000000e+04 1.000000000000000000e+00 5.609106191208555359e+00 2.787450980392156996e+00
2.795900000000000000e+04 1.000000000000000000e+00 5.609106191208555359e+00 2.787450980392156996e+00
2.795900000000000000e+04 1.000000000000000000e+00 5.609106191208555359e+00 2.787450980392156996e+00
2.795900000000000000e+04 1.000000000000000000e+00 5.609106191208555359e+00 2.787450980392156996e+00
2.795900000000000000e+04 1.000000000000000000e+00 5.609106191208555359e+00 2.787450980392156996e+00
2.795900000000000000e+04 1.000000000000000000e+00 5.609106191208555359e+00 2.787450980392156996e+00
2.795900000000000000e+04 1.000000000000000000e+00 5.609106191208555359e+00 2.787450980392156996e+00
2.795900000000000000e+04 1.000000000000000000e+00 5.609106191208555359e+00 2.787450980392156996e+00
2.795900000000000000e+04 1.000000000000000000e+00 5.609106191208555359e+00 2.787450980392156996e+00
2.795900000000000000e+04 1.000000000000000000e+00 5.609106191208555359e+00 2.787450980392156996e+00
2.795900000000000000e+04 1.000000000000000000e+00 5.609106191208555359e+00 2.787450980392156996e+00
2.795900000000000000e+04 1.000000000000000000e+00 5.609106191208555359e+00 2.787450980392156996e+00
2.795900000000000000e+04 1.000000000000000000e+00 5.609106191208555359e+00 2.787450980392156996e+00
2.795900000000000000e+04 1.000000000000000000e+00 5.609106191208555359e+00 2.787450980392156996e+00
2.795900000000000000e+04 1.000000000000000000e+00 5.609106191208555359e+00 2.787450980392156996e+00
2.795900000000000000e+04 1.000000000000000000e+00 5.609106191208555359e+00 2.787450980392156996e+00
2.795900000000000000e+04 1.000000000000000000e+00 5.609106191208555359e+00 2.787450980392156996e+00
