8.767000000000000000e+03 4.047450667275008129e+00 7.194707425573172443e+00 1.000000000000000000e+00 0.000000000000000000e+00
1.480800000000000000e+04 2.539640734737979688e+00 5.952863317125878240e+00 2.000000000000000000e+00 0.000000000000000000e+00
1.763900000000000000e+04 2.204660128125177199e+00 6.124723623788196569e+00 2.395998444264500371e+00 0.000000000000000000e+00
1.935300000000000000e+04 2.079832584095488990e+00 6.253087376634113959e+00 2.608643258373236407e+00 0.000000000000000000e+00
1.937500000000000000e+04 2.034735483870967698e+00 6.412799999999999834e+00 2.701419927441516489e+00 0.000000000000000000e+00
2.004600000000000000e+04 2.019106056071036548e+00 6.409607901825800980e+00 2.745050657043210052e+00 0.000000000000000000e+00
1.965300000000000000e+04 2.010532743092657615e+00 6.489289167048287510e+00 2.765842679435599472e+00 0.000000000000000000e+00
2.014000000000000000e+04 2.007348560079444066e+00 6.450297914597815208e+00 2.776598932663431718e+00 0.000000000000000000e+00
1.971400000000000000e+04 2.004818910418991518e+00 6.514152379019986228e+00 2.782401060960602912e+00 0.000000000000000000e+00
2.017900000000000000e+04 2.004014074037365756e+00 6.463452103672134186e+00 2.785665555123406634e+00 0.000000000000000000e+00
1.973100000000000000e+04 2.002382038416704813e+00 6.521514368253003013e+00 2.787425321508043119e+00 0.000000000000000000e+00
2.019100000000000000e+04 2.002674458917339528e+00 6.467634094398494682e+00 2.788273324874552817e+00 0.000000000000000000e+00
1.973600000000000000e+04 2.002128090798540594e+00 6.524878394811511662e+00 2.788681386644903171e+00 0.000000000000000000e+00
2.019500000000000000e+04 2.002624411983163988e+00 6.469720227779153454e+00 2.788923673321049179e+00 0.000000000000000000e+00
1.973700000000000000e+04 2.001925317930790094e+00 6.525358463798956343e+00 2.789083072450092349e+00 0.000000000000000000e+00
2.019500000000000000e+04 2.002475860361475402e+00 6.469868779400841596e+00 2.789153208066871059e+00 0.000000000000000000e+00
1.973600000000000000e+04 2.001824077827320636e+00 6.525182407782732064e+00 2.789185087892679604e+00 0.000000000000000000e+00
2.019500000000000000e+04 2.002475860361475402e+00 6.469918296608071273e+00 2.789197839823003289e+00 0.000000000000000000e+00
1.973700000000000000e+04 2.001823985408116791e+00 6.525459796321629646e+00 2.789210591753326529e+00 0.000000000000000000e+00
2.019500000000000000e+04 2.002475860361475402e+00 6.469918296608071273e+00 2.789216967718488593e+00 0.000000000000000000e+00
1.973700000000000000e+04 2.001823985408116791e+00 6.525459796321629646e+00 2.789216967718488593e+00 0.000000000000000000e+00
2.019500000000000000e+04 2.002475860361475402e+00 6.469918296608071273e+00 2.789216967718488593e+00 0.000000000000000000e+00
1.973700000000000000e+04 2.001823985408116791e+00 6.525459796321629646e+00 2.789216967718488593e+00 0.000000000000000000e+00
2.019500000000000000e+04 2.002475860361475402e+00 6.469918296608071273e+00 2.789216967718488593e+00 0.000000000000000000e+00
1.973700000000000000e+04 2.001823985408116791e+00 6.525459796321629646e+00 2.789216967718488593e+00 0.000000000000000000e+00
2.019500000000000000e+04 2.002475860361475402e+00 6.469918296608071273e+00 2.789216967718488593e+00 0.000000000000000000e+00
1.973700000000000000e+04 2.001823985408116791e+00 6.525459796321629646e+00 2.789216967718488593e+00 0.000000000000000000e+00
2.019500000000000000e+04 2.002475860361475402e+00 6.469918296608071273e+00 2.789216967718488593e+00 0.000000000000000000e+00
1.973700000000000000e+04 2.001823985408116791e+00 6.525459796321629646e+00 2.789216967718488593e+00 0.000000000000000000e+00
2.019500000000000000e+04 2.002475860361475402e+00 6.469918296608071273e+00 2.789216967718488593e+00 0.000000000000000000e+00
1.973700000000000000e+04 2.001823985408116791e+00 6.525459796321629646e+00 2.789216967718488593e+00 0.000000000000000000e+00
2.019500000000000000e+04 2.002475860361475402e+00 6.469918296608071273e+00 2.789216967718488593e+00 0.000000000000000000e+00
1.973700000000000000e+04 2.001823985408116791e+00 6.525459796321629646e+00 2.789216967718488593e+00 0.000000000000000000e+00
2.019500000000000000e+04 2.002475860361475402e+00 6.469918296608071273e+00 2.789216967718488593e+00 0.000000000000000000e+00
1.973700000000000000e+04 2.001823985408116791e+00 6.525459796321629646e+00 2.789216967718488593e+00 0.000000000000000000e+00
2.019500000000000000e+04 2.002475860361475402e+00 6.469918296608071273e+00 2.789216967718488593e+00 0.000000000000000000e+00
1.973700000000000000e+04 2.001823985408116791e+00 6.525459796321629646e+00 2.789216967718488593e+00 0.000000000000000000e+00
2.019500000000000000e+04 2.002475860361475402e+00 6.469918296608071273e+00 2.789216967718488593e+00 0.000000000000000000e+00
1.973700000000000000e+04 2.001823985408116791e+00 6.525459796321629646e+00 2.789216967718488593e+00 0.000000000000000000e+00
2.019500000000000000e+04 2.002475860361475402e+00 6.469918296608071273e+00 2.789216967718488593e+00 0.000000000000000000e+00
1.973700000000000000e+04 2.001823985408116791e+00 6.525459796321629646e+00 2.789216967718488593e+00 0.000000000000000000e+00
2.019500000000000000e+04 2.002475860361475402e+00 6.469918296608071273e+00 2.789216967718488593e+00 0.000000000000000000e+00
1.973700000000000000e+04 2.001823985408116791e+00 6.525459796321629646e+00 2.789216967718488593e+00 0.000000000000000000e+00
2.019500000000000000e+04 2.002475860361475402e+00 6.469918296608071273e+00 2.789216967718488593e+00 0.000000000000000000e+00
1.973700000000000000e+04 2.001823985408116791e+00 6.525459796321629646e+00 2.789216967718488593e+00 0.000000000000000000e+00
2.019500000000000000e+04 2.002475860361475402e+00 6.469918296608071273e+00 2.789216967718488593e+00 0.000000000000000000e+00
1.973700000000000000e+04 2.001823985408116791e+00 6.525459796321629646e+00 2.789216967718488593e+00 0.000000000000000000e+00
2.019500000000000000e+04 2.002475860361475402e+00 6.469918296608071273e+00 2.789216967718488593e+00 0.000000000000000000e+00
1.973700000000000000e+04 2.001823985408116791e+00 6.525459796321629646e+00 2.789216967718488593e+00 0.000000000000000000e+00
2.019500000000000000e+04 2.002475860361475402e+00 6.469918296608071273e+00 2.789216967718488593e+00 0.000000000000000000e+00
1.973700000000000000e+04 2.001823985408116791e+00 6.525459796321629646e+00 2.789216967718488593e+00 0.000000000000000000e+00
2.019500000000000000e+04 2.002475860361475402e+00 6.469918296608071273e+00 2.789216967718488593e+00 0.000000000000000000e+00
1.973700000000000000e+04 2.001823985408116791e+00 6.525459796321629646e+00 2.789216967718488593e+00 0.000000000000000000e+00
2.019500000000000000e+04 2.002475860361475402e+00 6.469918296608071273e+00 2.789216967718488593e+00 0.000000000000000000e+00
1.973700000000000000e+04 2.001823985408116791e+00 6.525459796321629646e+00 2.789216967718488593e+00 0.000000000000000000e+00
2.019500000000000000e+04 2.002475860361475402e+00 6.469918296608071273e+00 2.789216967718488593e+00 0.000000000000000000e+00
1.973700000000000000e+04 2.001823985408116791e+00 6.525459796321629646e+00 2.789216967718488593e+00 0.000000000000000000e+00
2.019500000000000000e+04 2.002475860361475402e+00 6.469918296608071273e+00 2.789216967718488593e+00 0.000000000000000000e+00
1.973700000000000000e+04 2.001823985408116791e+00 6.525459796321629646e+00 2.789216967718488593e+00 0.000000000000000000e+00
2.019500000000000000e+04 2.002475860361475402e+00 6.469918296608071273e+00 2.789216967718488593e+00 0.000000000000000000e+00
1.973700000000000000e+04 2.001823985408116791e+00 6.525459796321629646e+00 2.789216967718488593e+00 0.000000000000000000e+00
2.019500000000000000e+04 2.002475860361475402e+00 6.469918296608071273e+00 2.789216967718488593e+00 0.000000000000000000e+00
1.973700000000000000e+04 2.001823985408116791e+00 6.525459796321629646e+00 2.789216967718488593e+00 0.000000000000000000e+00
2.019500000000000000e+04 2.002475860361475402e+00 6.469918296608071273e+00 2.789216967718488593e+00 0.000000000000000000e+00
1.973700000000000000e+04 2.001823985408116791e+00 6.525459796321629646e+00 2.789216967718488593e+00 0.000000000000000000e+00
2.019500000000000000e+04 2.002475860361475402e+00 6.469918296608071273e+00 2.789216967718488593e+00 0.000000000000000000e+00
1.973700000000000000e+04 2.001823985408116791e+00 6.525459796321629646e+00 2.789216967718488593e+00 0.000000000000000000e+00
2.019500000000000000e+04 2.002475860361475402e+00 6.469918296608071273e+00 2.789216967718488593e+00 0.000000000000000000e+00
1.973700000000000000e+04 2.001823985408116791e+00 6.525459796321629646e+00 2.789216967718488593e+00 0.000000000000000000e+00
2.019500000000000000e+04 2.002475860361475402e+00 6.469918296608071273e+00 2.789216967718488593e+00 0.000000000000000000e+00
1.973700000000000000e+04 2.001823985408116791e+00 6.525459796321629646e+00 2.789216967718488593e+00 0.000000000000000000e+00
2.019500000000000000e+04 2.002475860361475402e+00 6.469918296608071273e+00 2.789216967718488593e+00 0.000000000000000000e+00
1.973700000000000000e+04 2.001823985408116791e+00 6.525459796321629646e+00 2.789216967718488593e+00 0.000000000000000000e+00
2.019500000000000000e+04 2.002475860361475402e+00 6.469918296608071273e+00 2.789216967718488593e+00 0.000000000000000000e+00
1.973700000000000000e+04 2.001823985408116791e+00 6.525459796321629646e+00 2.789216967718488593e+00 0.000000000000000000e+00
2.019500000000000000e+04 2.002475860361475402e+00 6.469918296608071273e+00 2.789216967718488593e+00 0.000000000000000000e+00
1.973700000000000000e+04 2.001823985408116791e+00 6.525459796321629646e+00 2.789216967718488593e+00 0.000000000000000000e+00
2.019500000000000000e+04 2.002475860361475402e+00 6.469918296608071273e+00 2.789216967718488593e+00 0.000000000000000000e+00
1.973700000000000000e+04 2.001823985408116791e+00 6.525459796321629646e+00 2.789216967718488593e+00 0.000000000000000000e+00
2.019500000000000000e+04 2.002475860361475402e+00 6.469918296608071273e+00 2.789216967718488593e+00 0.000000000000000000e+00
1.973700000000000000e+04 2.001823985408116791e+00 6.525459796321629646e+00 2.789216967718488593e+00 0.000000000000000000e+00
2.019500000000000000e+04 2.002475860361475402e+00 6.469918296608071273e+00 2.789216967718488593e+00 0.000000000000000000e+00
1.973700000000000000e+04 2.001823985408116791e+00 6.525459796321629646e+00 2.789216967718488593e+00 0.000000000000000000e+00
2.019500000000000000e+04 2.002475860361475402e+00 6.469918296608071273e+00 2.789216967718488593e+00 0.000000000000000000e+00
1.973700000000000000e+04 2.001823985408116791e+00 6.525459796321629646e+00 2.789216967718488593e+00 0.000000000000000000e+00
2.019500000000000000e+04 2.002475860361475402e+00 6.469918296608071273e+00 2.789216967718488593e+00 0.000000000000000000e+00
1.973700000000000000e+04 2.001823985408116791e+00 6.525459796321629646e+00 2.789216967718488593e+00 0.000000000000000000e+00
2.019500000000000000e+04 2.002475860361475402e+00 6.469918296608071273e+00 2.789216967718488593e+00 0.000000000000000000e+00
1.973700000000000000e+04 2.001823985408116791e+00 6.525459796321629646e+00 2.789216967718488593e+00 0.000000000000000000e+00
2.019500000000000000e+04 2.002475860361475402e+00 6.469918296608071273e+00 2.789216967718488593e+00 0.000000000000000000e+00
1.973700000000000000e+04 2.001823985408116791e+00 6.525459796321629646e+00 2.789216967718488593e+00 0.000000000000000000e+00
2.019500000000000000e+04 2.002475860361475402e+00 6.469918296608071273e+00 2.789216967718488593e+00 0.000000000000000000e+00
1.973700000000000000e+04 2.001823985408116791e+00 6.525459796321629646e+00 2.789216967718488593e+00 0.000000000000000000e+00
2.019500000000000000e+04 2.002475860361475402e+00 6.469918296608071273e+00 2.789216967718488593e+00 0.000000000000000000e+00
1.973700000000000000e+04 2.001823985408116791e+00 6.525459796321629646e+00 2.789216967718488593e+00 0.000000000000000000e+00
2.019500000000000000e+04 2.002475860361475402e+00 6.469918296608071273e+00 2.789216967718488593e+00 0.000000000000000000e+00
1.973700000000000000e+04 2.001823985408116791e+00 6.525459796321629646e+00 2.789216967718488593e+00 0.000000000000000000e+00
2.019500000000000000e+04 2.002475860361475402e+00 6.469918296608071273e+00 2.789216967718488593e+00 0.000000000000000000e+00
1.973700000000000000e+04 2.001823985408116791e+00 6.525459796321629646e+00 2.789216967718488593e+00 0.000000000000000000e+00
2.019500000000000000e+04 2.002475860361475402e+00 6.469918296608071273e+00 2.789216967718488593e+00 0.000000000000000000e+00
