8.835000000000000000e+03 1.775200905489530356e+01 1.775200905489530356e+01 1.000000000000000000e+00 0.000000000000000000e+00
1.060400000000000000e+04 1.479055073557148248e+01 1.479055073557148248e+01 2.000000000000000000e+00 0.000000000000000000e+00
1.094400000000000000e+04 1.433104897660818722e+01 1.433104897660818722e+01 2.877090519577401029e+00 0.000000000000000000e+00
1.117700000000000000e+04 1.403229847007247066e+01 1.403229847007247066e+01 3.694642276474601417e+00 0.000000000000000000e+00
1.106500000000000000e+04 1.417433348395842785e+01 1.417433348395842785e+01 4.438615395405479447e+00 0.000000000000000000e+00
1.070800000000000000e+04 1.464689951438177040e+01 1.464689951438177040e+01 5.219167426469181414e+00 0.000000000000000000e+00
1.042900000000000000e+04 1.503873813404928583e+01 1.503873813404928583e+01 5.971212517294805622e+00 0.000000000000000000e+00
9.931000000000000000e+03 1.579287080857919712e+01 1.579287080857919712e+01 6.778588233793890971e+00 0.000000000000000000e+00
9.358000000000000000e+03 1.675988459072451420e+01 1.675988459072451420e+01 7.563896734868240657e+00 0.000000000000000000e+00
9.048000000000000000e+03 1.733410698496905411e+01 1.733410698496905411e+01 8.390738273006077108e+00 0.000000000000000000e+00
8.572000000000000000e+03 1.829666355576295089e+01 1.829666355576295089e+01 9.197980094236765325e+00 0.000000000000000000e+00
8.182000000000000000e+03 1.916878513810804208e+01 1.916878513810804208e+01 1.003773296182709629e+01 0.000000000000000000e+00
7.860000000000000000e+03 1.995407124681933908e+01 1.995407124681933908e+01 1.086488054629269584e+01 0.000000000000000000e+00
7.571000000000000000e+03 2.071575749570730451e+01 2.071575749570730451e+01 1.171302418403585754e+01 0.000000000000000000e+00
7.296000000000000000e+03 2.149657346491228083e+01 2.149657346491228083e+01 1.255407774851918212e+01 0.000000000000000000e+00
6.963000000000000000e+03 2.252463018813729789e+01 2.252463018813729789e+01 1.341298401545533991e+01 0.000000000000000000e+00
6.732000000000000000e+03 2.329753416518122577e+01 2.329753416518122577e+01 1.426710193255503967e+01 0.000000000000000000e+00
6.527000000000000000e+03 2.402926306113068833e+01 2.402926306113068833e+01 1.513667518920676613e+01 0.000000000000000000e+00
6.367000000000000000e+03 2.463310821422962249e+01 2.463310821422962249e+01 1.600362154821186067e+01 0.000000000000000000e+00
6.132000000000000000e+03 2.557713633398564923e+01 2.557713633398564923e+01 1.688031675794923459e+01 0.000000000000000000e+00
5.958000000000000000e+03 2.632410204766700090e+01 2.632410204766700090e+01 1.775361995422057149e+01 0.000000000000000000e+00
5.757000000000000000e+03 2.724318221295813913e+01 2.724318221295813913e+01 1.863392396023948194e+01 0.000000000000000000e+00
5.639000000000000000e+03 2.781326476325589780e+01 2.781326476325589780e+01 1.951216852951115399e+01 0.000000000000000000e+00
5.478000000000000000e+03 2.863070463672873345e+01 2.863070463672873345e+01 2.039708873430715741e+01 0.000000000000000000e+00
5.343000000000000000e+03 2.935410817892569568e+01 2.935410817892569568e+01 2.128034481219594554e+01 0.000000000000000000e+00
5.245000000000000000e+03 2.990257387988560467e+01 2.990257387988560467e+01 2.216887381327348550e+01 0.000000000000000000e+00
5.116000000000000000e+03 3.065656763096168902e+01 3.065656763096168902e+01 2.305589808657285644e+01 0.000000000000000000e+00
4.969000000000000000e+03 3.156349366069631657e+01 3.156349366069631657e+01 2.394621235789567493e+01 0.000000000000000000e+00
4.873000000000000000e+03 3.218530679253026960e+01 3.218530679253026960e+01 2.483563399409585770e+01 0.000000000000000000e+00
4.715000000000000000e+03 3.326383881230116657e+01 3.326383881230116657e+01 2.572820535708592971e+01 0.000000000000000000e+00
4.631000000000000000e+03 3.386719930900453335e+01 3.386719930900453335e+01 2.661649844745248217e+01 0.000000000000000000e+00
4.535000000000000000e+03 3.458412348401323300e+01 3.458412348401323300e+01 2.750675533508884740e+01 0.000000000000000000e+00
4.435000000000000000e+03 3.536392333709132174e+01 3.536392333709132174e+01 2.839515044089798934e+01 0.000000000000000000e+00
4.367000000000000000e+03 3.591458667277306915e+01 3.591458667277306915e+01 2.928508853027626913e+01 0.000000000000000000e+00
4.266000000000000000e+03 3.676488513830285854e+01 3.676488513830285854e+01 3.017290979922085725e+01 0.000000000000000000e+00
4.218000000000000000e+03 3.718326220957799677e+01 3.718326220957799677e+01 3.106375965161726427e+01 0.000000000000000000e+00
4.085000000000000000e+03 3.839388004895960904e+01 3.839388004895960904e+01 3.195062452578759249e+01 0.000000000000000000e+00
4.018000000000000000e+03 3.903409656545544948e+01 3.903409656545544948e+01 3.283784007804181471e+01 0.000000000000000000e+00
3.981000000000000000e+03 3.939688520472243027e+01 3.939688520472243027e+01 3.372297706565331055e+01 0.000000000000000000e+00
3.915000000000000000e+03 4.006104725415070078e+01 4.006104725415070078e+01 3.460718316235119829e+01 0.000000000000000000e+00
3.839000000000000000e+03 4.085412867934358161e+01 4.085412867934358161e+01 3.548846906700502046e+01 0.000000000000000000e+00
3.799000000000000000e+03 4.128428533824691016e+01 4.128428533824691016e+01 3.637090902135310699e+01 0.000000000000000000e+00
3.737000000000000000e+03 4.196922665239497263e+01 4.196922665239497263e+01 3.725181874406238336e+01 0.000000000000000000e+00
3.656000000000000000e+03 4.289907002188184038e+01 4.289907002188184038e+01 3.813035660773149260e+01 0.000000000000000000e+00
3.605000000000000000e+03 4.350596393897365033e+01 4.350596393897365033e+01 3.900716658484178367e+01 0.000000000000000000e+00
3.514000000000000000e+03 4.463261240751280923e+01 4.463261240751280923e+01 3.988553229745152606e+01 0.000000000000000000e+00
3.482000000000000000e+03 4.504279149913842417e+01 4.504279149913842417e+01 4.076200434840824016e+01 0.000000000000000000e+00
3.452000000000000000e+03 4.543424101969872453e+01 4.543424101969872453e+01 4.163865492638948496e+01 0.000000000000000000e+00
3.389000000000000000e+03 4.627884331661257278e+01 4.627884331661257278e+01 4.251327794744929633e+01 0.000000000000000000e+00
3.339000000000000000e+03 4.697184785864030943e+01 4.697184785864030943e+01 4.338594354720445523e+01 0.000000000000000000e+00
3.297000000000000000e+03 4.757021534728541212e+01 4.757021534728541212e+01 4.425522988542390834e+01 0.000000000000000000e+00
3.272000000000000000e+03 4.793367970660146682e+01 4.793367970660146682e+01 4.512298599200453708e+01 0.000000000000000000e+00
3.234000000000000000e+03 4.849690785405071125e+01 4.849690785405071125e+01 4.598944777765733960e+01 0.000000000000000000e+00
3.164000000000000000e+03 4.956984829329962139e+01 4.956984829329962139e+01 4.685479376940684659e+01 0.000000000000000000e+00
3.119000000000000000e+03 5.028502725232446124e+01 5.028502725232446124e+01 4.771595712801025257e+01 0.000000000000000000e+00
3.068000000000000000e+03 5.112092568448500884e+01 5.112092568448500884e+01 4.857406639930119496e+01 0.000000000000000000e+00
3.038000000000000000e+03 5.162574061882817489e+01 5.162574061882817489e+01 4.942764235936214590e+01 0.000000000000000000e+00
3.015000000000000000e+03 5.201956882255390013e+01 5.201956882255390013e+01 5.027818973597128149e+01 0.000000000000000000e+00
2.963000000000000000e+03 5.293250084373945441e+01 5.293250084373945441e+01 5.112617397458540580e+01 0.000000000000000000e+00
2.915000000000000000e+03 5.380411663807890221e+01 5.380411663807890221e+01 5.197640255293644884e+01 0.000000000000000000e+00
2.892000000000000000e+03 5.423201936376209886e+01 5.423201936376209886e+01 5.282735161535077140e+01 0.000000000000000000e+00
2.842000000000000000e+03 5.518613652357494459e+01 5.518613652357494459e+01 5.367822416618315629e+01 0.000000000000000000e+00
2.820000000000000000e+03 5.561666666666666714e+01 5.561666666666666714e+01 5.452559631214175084e+01 0.000000000000000000e+00
2.764000000000000000e+03 5.674348769898697498e+01 5.674348769898697498e+01 5.536671363627669251e+01 0.000000000000000000e+00
2.746000000000000000e+03 5.711544064093226325e+01 5.711544064093226325e+01 5.620264092476998741e+01 0.000000000000000000e+00
2.689000000000000000e+03 5.832614354778728227e+01 5.832614354778728227e+01 5.703573728473147497e+01 0.000000000000000000e+00
2.674000000000000000e+03 5.865332834704562259e+01 5.865332834704562259e+01 5.786362448115583845e+01 0.000000000000000000e+00
2.620000000000000000e+03 5.986221374045801724e+01 5.986221374045801724e+01 5.868619412263531387e+01 0.000000000000000000e+00
2.598000000000000000e+03 6.036913010007697977e+01 6.036913010007697977e+01 5.950584994803588046e+01 0.000000000000000000e+00
2.548000000000000000e+03 6.155376766091051621e+01 6.155376766091051621e+01 6.032342083282856748e+01 0.000000000000000000e+00
2.540000000000000000e+03 6.174763779527559393e+01 6.174763779527559393e+01 6.113845408348688437e+01 0.000000000000000000e+00
2.505000000000000000e+03 6.261037924151696643e+01 6.261037924151696643e+01 6.195133863388570461e+01 0.000000000000000000e+00
2.472000000000000000e+03 6.344619741100323296e+01 6.344619741100323296e+01 6.276070365151525010e+01 0.000000000000000000e+00
2.447000000000000000e+03 6.409440130772374289e+01 6.409440130772374289e+01 6.356597529951095993e+01 0.000000000000000000e+00
2.440000000000000000e+03 6.427827868852459403e+01 6.427827868852459403e+01 6.436772741473740211e+01 0.000000000000000000e+00
2.381000000000000000e+03 6.587106257874842186e+01 6.587106257874842186e+01 6.516726707005273056e+01 0.000000000000000000e+00
2.378000000000000000e+03 6.595416316232127940e+01 6.595416316232127940e+01 6.596511709460018835e+01 0.000000000000000000e+00
2.365000000000000000e+03 6.631670190274842014e+01 6.631670190274842014e+01 6.676152615102111554e+01 0.000000000000000000e+00
2.348000000000000000e+03 6.679684838160136451e+01 6.679684838160136451e+01 6.755361867902753659e+01 0.000000000000000000e+00
2.315000000000000000e+03 6.774902807775377767e+01 6.774902807775377767e+01 6.834402795223127214e+01 0.000000000000000000e+00
2.292000000000000000e+03 6.842888307155322991e+01 6.842888307155322991e+01 6.913181670375352894e+01 0.000000000000000000e+00
2.264000000000000000e+03 6.927517667844523430e+01 6.927517667844523430e+01 6.991372681539668577e+01 0.000000000000000000e+00
2.258000000000000000e+03 6.945925597874224877e+01 6.945925597874224877e+01 7.069128851879953856e+01 0.000000000000000000e+00
2.220000000000000000e+03 7.064819819819820168e+01 7.064819819819820168e+01 7.146590452629766332e+01 0.000000000000000000e+00
2.197000000000000000e+03 7.138780154756486240e+01 7.138780154756486240e+01 7.223780437263690146e+01 0.000000000000000000e+00
2.174000000000000000e+03 7.214305427782888103e+01 7.214305427782888103e+01 7.300501788458227281e+01 0.000000000000000000e+00
2.177000000000000000e+03 7.204363803399172639e+01 7.204363803399172639e+01 7.376840581743061875e+01 0.000000000000000000e+00
2.153000000000000000e+03 7.284672549930330376e+01 7.284672549930330376e+01 7.453007223968528194e+01 0.000000000000000000e+00
2.152000000000000000e+03 7.288057620817843940e+01 7.288057620817843940e+01 7.528717984684931253e+01 0.000000000000000000e+00
2.140000000000000000e+03 7.328925233644859816e+01 7.328925233644859816e+01 7.603962662348013168e+01 0.000000000000000000e+00
2.117000000000000000e+03 7.408549834671704559e+01 7.408549834671704559e+01 7.678901931279847304e+01 0.000000000000000000e+00
2.080000000000000000e+03 7.540336538461538396e+01 7.540336538461538396e+01 7.753601463921600612e+01 0.000000000000000000e+00
2.053000000000000000e+03 7.639503166098393194e+01 7.639503166098393194e+01 7.827919713846684147e+01 0.000000000000000000e+00
2.051000000000000000e+03 7.646952705997074418e+01 7.646952705997074418e+01 7.901931917444002806e+01 0.000000000000000000e+00
2.052000000000000000e+03 7.643226120857700323e+01 7.643226120857700323e+01 7.975657202609045271e+01 0.000000000000000000e+00
2.022000000000000000e+03 7.756627101879327313e+01 7.756627101879327313e+01 8.049007581022577540e+01 0.000000000000000000e+00
2.011000000000000000e+03 7.799055196419691072e+01 7.799055196419691072e+01 8.122052550704863449e+01 0.000000000000000000e+00
1.991000000000000000e+03 7.877398292315419326e+01 7.877398292315419326e+01 8.194734727969446908e+01 0.000000000000000000e+00
1.965000000000000000e+03 7.981628498727735632e+01 7.981628498727735632e+01 8.266882599353476735e+01 0.000000000000000000e+00
1.945000000000000000e+03 8.063701799485860988e+01 8.063701799485860988e+01 8.338551635753862001e+01 0.000000000000000000e+00
