2.672700000000000000e+04 3.425973734425861394e+00 5.585999176862348925e+00 1.000000000000000000e+00 7.539000000000000000e+03
2.764300000000000000e+04 2.901494049126361219e+00 5.466591903917809248e+00 2.000000000000000000e+00 5.725000000000000000e+03
2.677300000000000000e+04 2.736002689276510136e+00 5.669517797781346680e+00 2.437365706233781015e+00 5.046000000000000000e+03
2.592600000000000000e+04 2.678430918768803348e+00 5.882820334799043316e+00 2.777670094810602119e+00 4.320000000000000000e+03
2.514700000000000000e+04 2.669582852825386876e+00 6.087207221537360269e+00 3.013357647013816809e+00 3.761000000000000000e+03
2.449100000000000000e+04 2.668163815279082307e+00 6.265607774284431386e+00 3.222451048527470885e+00 3.387000000000000000e+03
2.400000000000000000e+04 2.661000000000000032e+00 6.406541666666666579e+00 3.386045562647045593e+00 3.079000000000000000e+03
2.350200000000000000e+04 2.665262530848438338e+00 6.549272402348735866e+00 3.543060080719719007e+00 2.917000000000000000e+03
2.315400000000000000e+04 2.673706487000086174e+00 6.654573723762633009e+00 3.676521783484974826e+00 2.756000000000000000e+03
2.288800000000000000e+04 2.655234183851800100e+00 6.738902481649772902e+00 3.805482054846052176e+00 2.598000000000000000e+03
2.250800000000000000e+04 2.679047449795628033e+00 6.856095610449617794e+00 3.918451405581520053e+00 2.519000000000000000e+03
2.221200000000000000e+04 2.670853592652620012e+00 6.949171618944714801e+00 4.031184845606003542e+00 2.483000000000000000e+03
2.193200000000000000e+04 2.680375706729892560e+00 7.039804851358745452e+00 4.132046238499352597e+00 2.439000000000000000e+03
2.168700000000000000e+04 2.683082030709641685e+00 7.121593581408216522e+00 4.235247610607055790e+00 2.392000000000000000e+03
2.149300000000000000e+04 2.673754245568324528e+00 7.185548783324803068e+00 4.327201780169473544e+00 2.397000000000000000e+03
2.127200000000000000e+04 2.681412185031966988e+00 7.260154193305753623e+00 4.420577789962955251e+00 2.400000000000000000e+03
2.103300000000000000e+04 2.690486378547995994e+00 7.339038653544430524e+00 4.505786188384266922e+00 2.474000000000000000e+03
2.084600000000000000e+04 2.689628705746905712e+00 7.406792670056606021e+00 4.594016794292236305e+00 2.436000000000000000e+03
2.064900000000000000e+04 2.689863915928131899e+00 7.478376676836650638e+00 4.673716358813815752e+00 2.415000000000000000e+03
2.052600000000000000e+04 2.691172171879567365e+00 7.526064503556464835e+00 4.753881368792201023e+00 2.358000000000000000e+03
2.032400000000000000e+04 2.708718756150364282e+00 7.603080102342058666e+00 4.828429153463105195e+00 2.312000000000000000e+03
2.014100000000000000e+04 2.701702993893054128e+00 7.670771063998808259e+00 4.902817539004966640e+00 2.341000000000000000e+03
1.998200000000000000e+04 2.714593133820438542e+00 7.734961465318787255e+00 4.973074299122029807e+00 2.277000000000000000e+03
1.981300000000000000e+04 2.708120930702064388e+00 7.795689698682682689e+00 5.044944178425009085e+00 2.382000000000000000e+03
1.966300000000000000e+04 2.716930275136042461e+00 7.857549712658292052e+00 5.111872684727650551e+00 2.334000000000000000e+03
1.953900000000000000e+04 2.716976303802651316e+00 7.909156046880597479e+00 5.180089135992960614e+00 2.301000000000000000e+03
1.940000000000000000e+04 2.720309278350515392e+00 7.963092783505154593e+00 5.243485357596005869e+00 2.353000000000000000e+03
1.925800000000000000e+04 2.723699241873507315e+00 8.021134074151001769e+00 5.308042004858485541e+00 2.367000000000000000e+03
1.917900000000000000e+04 2.724855310495855054e+00 8.060639240836330544e+00 5.368403267044548954e+00 2.243000000000000000e+03
1.904000000000000000e+04 2.723214285714285587e+00 8.118224789915966966e+00 5.429229974687418192e+00 2.268000000000000000e+03
1.892500000000000000e+04 2.732734478203434403e+00 8.167133421400263771e+00 5.487659319429478266e+00 2.275000000000000000e+03
1.880300000000000000e+04 2.729085784183375107e+00 8.222145402329415376e+00 5.545718858192159040e+00 2.238000000000000000e+03
1.867400000000000000e+04 2.740334154439327374e+00 8.277872978472743171e+00 5.599889058206185766e+00 2.258000000000000000e+03
1.860600000000000000e+04 2.732613135547672822e+00 8.308932602386326138e+00 5.655187804053838363e+00 2.243000000000000000e+03
1.850700000000000000e+04 2.727292375857783391e+00 8.351434592316421046e+00 5.707228431703849303e+00 2.279000000000000000e+03
1.841000000000000000e+04 2.740467137425312227e+00 8.398479087452471958e+00 5.760582508177175320e+00 2.223000000000000000e+03
1.830000000000000000e+04 2.742240437158470101e+00 8.441092896174863469e+00 5.810761353999962076e+00 2.367000000000000000e+03
1.822000000000000000e+04 2.747145993413830922e+00 8.478704720087815616e+00 5.863375818514527715e+00 2.357000000000000000e+03
1.811600000000000000e+04 2.753753587988518436e+00 8.530635901965114343e+00 5.912681157110157848e+00 2.298000000000000000e+03
1.802400000000000000e+04 2.745949844651575766e+00 8.571904127829560238e+00 5.962063007287728311e+00 2.339000000000000000e+03
1.788100000000000000e+04 2.757619819920586135e+00 8.642581511101168346e+00 6.008792455958020362e+00 2.301000000000000000e+03
1.778700000000000000e+04 2.761286332714904201e+00 8.689379884185079561e+00 6.056287020447720160e+00 2.281000000000000000e+03
1.775700000000000000e+04 2.752323027538435607e+00 8.705580897674156660e+00 6.102257729263767416e+00 2.254000000000000000e+03
1.766200000000000000e+04 2.758407881327142874e+00 8.753142339485901147e+00 6.148368709313372094e+00 2.241000000000000000e+03
1.761500000000000000e+04 2.756344024978711449e+00 8.774794209480555551e+00 6.191795408029890702e+00 2.271000000000000000e+03
1.749100000000000000e+04 2.774798467783431644e+00 8.837916642844891868e+00 6.236567435395532932e+00 2.255000000000000000e+03
1.744600000000000000e+04 2.760976728189842966e+00 8.860426458787115322e+00 6.279350161630716798e+00 2.260000000000000000e+03
1.735500000000000000e+04 2.771766061653702096e+00 8.905329876116393706e+00 6.322330542785913998e+00 2.287000000000000000e+03
1.728100000000000000e+04 2.770152190266767178e+00 8.944274058214222833e+00 6.362773289806744614e+00 2.273000000000000000e+03
1.721400000000000000e+04 2.777216219356337668e+00 8.981933310096433587e+00 6.404338206696039038e+00 2.224000000000000000e+03
1.710900000000000000e+04 2.790227365713951801e+00 9.039394470746390908e+00 6.444844713368485856e+00 2.184000000000000000e+03
1.704600000000000000e+04 2.771265986155109662e+00 9.065880558488794705e+00 6.485944184800974455e+00 2.302000000000000000e+03
1.700000000000000000e+04 2.774352941176470466e+00 9.094529411764705529e+00 6.525864102678543333e+00 2.232000000000000000e+03
1.695400000000000000e+04 2.771735283708859132e+00 9.116314733986079943e+00 6.566019931267095266e+00 2.281000000000000000e+03
1.687200000000000000e+04 2.779220009483167164e+00 9.162280701754385248e+00 6.604447873296820148e+00 2.253000000000000000e+03
1.679500000000000000e+04 2.777314676987198361e+00 9.199761833879129824e+00 6.642818431640089116e+00 2.329000000000000000e+03
1.674300000000000000e+04 2.784208325867526757e+00 9.230902466702502807e+00 6.679652382379382303e+00 2.286000000000000000e+03
1.667600000000000000e+04 2.778603981770208620e+00 9.267450227872391366e+00 6.717009162261937227e+00 2.295000000000000000e+03
1.662000000000000000e+04 2.787845968712394651e+00 9.300601684717207718e+00 6.753320283857968676e+00 2.263000000000000000e+03
1.659700000000000000e+04 2.785804663493402611e+00 9.312285352774598124e+00 6.790026715294027682e+00 2.283000000000000000e+03
1.650300000000000000e+04 2.792037811307034989e+00 9.365206326122523350e+00 6.825158283335140297e+00 2.285000000000000000e+03
1.643300000000000000e+04 2.795959350088236928e+00 9.405708026531979016e+00 6.860780800693705217e+00 2.275000000000000000e+03
1.637700000000000000e+04 2.805153569029736893e+00 9.439763082371618097e+00 6.895140876950248021e+00 2.244000000000000000e+03
1.634800000000000000e+04 2.801321262539760326e+00 9.454061658918522681e+00 6.930827153960430920e+00 2.284000000000000000e+03
1.628700000000000000e+04 2.796524835758580352e+00 9.487014183090808572e+00 6.964689904934359355e+00 2.324000000000000000e+03
1.624200000000000000e+04 2.800517177687476877e+00 9.511020810245042867e+00 6.998501648186993940e+00 2.361000000000000000e+03
1.621500000000000000e+04 2.794449583718778829e+00 9.533765032377427673e+00 7.030171067145289499e+00 2.249000000000000000e+03
1.613900000000000000e+04 2.799925645950802622e+00 9.575748187620050089e+00 7.063007287728179762e+00 2.296000000000000000e+03
1.608300000000000000e+04 2.806690294099359662e+00 9.608095504570043133e+00 7.094498179661946402e+00 2.312000000000000000e+03
1.600800000000000000e+04 2.806784107946027174e+00 9.652423788105947366e+00 7.126843450927384360e+00 2.323000000000000000e+03
1.598300000000000000e+04 2.810423575048488942e+00 9.672965025339422596e+00 7.157811513717889262e+00 2.236000000000000000e+03
1.598500000000000000e+04 2.795370659993744233e+00 9.675195495777291654e+00 7.188830584229688014e+00 2.181000000000000000e+03
1.589000000000000000e+04 2.812964128382630768e+00 9.729641283826305553e+00 7.219824150880839397e+00 2.235000000000000000e+03
1.584700000000000000e+04 2.811573168423045388e+00 9.753013188616142415e+00 7.250460663482934720e+00 2.283000000000000000e+03
1.581400000000000000e+04 2.812824079929176602e+00 9.775072720374351931e+00 7.279586072341700742e+00 2.256000000000000000e+03
1.575600000000000000e+04 2.813594821020563685e+00 9.814166031987813454e+00 7.309202430517919957e+00 2.207000000000000000e+03
1.568100000000000000e+04 2.822970473821822424e+00 9.858491167655124343e+00 7.338346967272170396e+00 2.248000000000000000e+03
1.568000000000000000e+04 2.816007653061224580e+00 9.860905612244897256e+00 7.366726388207014864e+00 2.220000000000000000e+03
1.561600000000000000e+04 2.814357069672130951e+00 9.894851434426229275e+00 7.394818890709581538e+00 2.321000000000000000e+03
1.556600000000000000e+04 2.835153539766157138e+00 9.929911345239624154e+00 7.423198311644425118e+00 2.270000000000000000e+03
1.552400000000000000e+04 2.829554238598299243e+00 9.956003607317700954e+00 7.450952887993420148e+00 2.282000000000000000e+03
1.551500000000000000e+04 2.821398646471156901e+00 9.962359007412182166e+00 7.478911495227589690e+00 2.273000000000000000e+03
1.545400000000000000e+04 2.818364177559208095e+00 9.999935291833828899e+00 7.506277137701719226e+00 2.300000000000000000e+03
1.543000000000000000e+04 2.820738820479585129e+00 1.001717433570965632e+01 7.533700163862304677e+00 2.274000000000000000e+03
1.535700000000000000e+04 2.832584489158038732e+00 1.006348896268802484e+01 7.560568481053819845e+00 2.294000000000000000e+03
1.535500000000000000e+04 2.833018560729404278e+00 1.006922826440898788e+01 7.587819356155037553e+00 2.226000000000000000e+03
1.529600000000000000e+04 2.833158995815899583e+00 1.010957112970711336e+01 7.614132964377482438e+00 2.203000000000000000e+03
1.532500000000000000e+04 2.822969004893963962e+00 1.009318107667210462e+01 7.640166030132811592e+00 2.161000000000000000e+03
1.525000000000000000e+04 2.825770491803278883e+00 1.013540983606557333e+01 7.665497739720350090e+00 2.274000000000000000e+03
1.523200000000000000e+04 2.829503676470588314e+00 1.014699317226890685e+01 7.691231135113077322e+00 2.280000000000000000e+03
1.521700000000000000e+04 2.832884274167049909e+00 1.016540711046855527e+01 7.716020887661869665e+00 2.152000000000000000e+03
1.513200000000000000e+04 2.837761036214644594e+00 1.022336769759450092e+01 7.741040174956483888e+00 2.139000000000000000e+03
1.511500000000000000e+04 2.833145881574594682e+00 1.023374131657294051e+01 7.765829927505276231e+00 2.156000000000000000e+03
1.507600000000000000e+04 2.836163438577872231e+00 1.025723003449190784e+01 7.791123381301845008e+00 2.201000000000000000e+03
1.501200000000000000e+04 2.836397548627764387e+00 1.029702904343192138e+01 7.815887629989989982e+00 2.260000000000000000e+03
1.498600000000000000e+04 2.837648471907113112e+00 1.031782997464300067e+01 7.840779397981369137e+00 2.216000000000000000e+03
1.497000000000000000e+04 2.842150968603874617e+00 1.033039412157648584e+01 7.865116457003678896e+00 2.193000000000000000e+03
1.491200000000000000e+04 2.843682939914163210e+00 1.036896459227467737e+01 7.889141093733063492e+00 2.217000000000000000e+03
1.488400000000000000e+04 2.850040311744154842e+00 1.038880677237301775e+01 7.913395265208270857e+00 2.212000000000000000e+03
1.486100000000000000e+04 2.841195074355696182e+00 1.040353946571563171e+01 7.937961858976402496e+00 2.232000000000000000e+03
