2.655100000000000000e+04 3.000000000000000000e+00 5.906557191819516994e+00 1.000000000000000000e+00
2.777700000000000000e+04 3.000000000000000000e+00 5.645858084026352586e+00 2.000000000000000000e+00
2.496300000000000000e+04 3.000000000000000000e+00 6.282297800745102911e+00 2.769998405866411773e+00
2.267200000000000000e+04 3.000000000000000000e+00 6.917122441778404962e+00 3.506073648971783641e+00
2.094600000000000000e+04 3.000000000000000000e+00 7.487109710684617170e+00 4.150919815080503561e+00
1.961400000000000000e+04 3.000000000000000000e+00 7.995564392780666552e+00 4.812019767256495939e+00
1.862700000000000000e+04 3.000000000000000000e+00 8.419230149782574557e+00 5.424517774589510566e+00
1.794900000000000000e+04 3.000000000000000000e+00 8.737255557412670015e+00 6.062585684680375842e+00
1.744900000000000000e+04 3.000000000000000000e+00 8.987621067109863304e+00 6.663707954726605820e+00
1.708100000000000000e+04 3.000000000000000000e+00 9.181254024939992320e+00 7.282219033955045440e+00
1.660800000000000000e+04 3.000000000000000000e+00 9.442738439306358700e+00 7.873228120516499118e+00
1.634900000000000000e+04 3.000000000000000000e+00 9.592329806104348933e+00 8.480133907221425460e+00
1.604500000000000000e+04 3.000000000000000000e+00 9.774072919912745405e+00 9.063146819703490564e+00
1.579900000000000000e+04 3.000000000000000000e+00 9.926261155769353195e+00 9.655373824326478172e+00
1.558700000000000000e+04 3.000000000000000000e+00 1.006126900622313514e+01 1.023070301291248185e+01
1.538000000000000000e+04 3.000000000000000000e+00 1.019668400520156126e+01 1.081339709867686949e+01
1.527000000000000000e+04 3.000000000000000000e+00 1.027013752455795625e+01 1.138248366013071866e+01
1.504800000000000000e+04 3.000000000000000000e+00 1.042165071770334883e+01 1.195955364259524956e+01
1.490700000000000000e+04 3.000000000000000000e+00 1.052022539746427832e+01 1.252456559859716201e+01
1.476000000000000000e+04 3.000000000000000000e+00 1.062500000000000000e+01 1.309578829905946051e+01
1.456000000000000000e+04 3.000000000000000000e+00 1.077094780219780290e+01 1.365742069185397689e+01
1.437400000000000000e+04 3.000000000000000000e+00 1.091032419646584195e+01 1.422338275147457409e+01
1.425100000000000000e+04 3.000000000000000000e+00 1.100449091291839210e+01 1.478196078431372484e+01
1.422800000000000000e+04 3.000000000000000000e+00 1.102228001124543155e+01 1.534581221106328641e+01
1.407100000000000000e+04 3.000000000000000000e+00 1.114526330751190386e+01 1.590340825761198751e+01
1.394900000000000000e+04 3.000000000000000000e+00 1.124274141515520853e+01 1.646595887135341840e+01
1.380900000000000000e+04 3.000000000000000000e+00 1.135672387573321807e+01 1.702301291248206638e+01
1.376000000000000000e+04 3.000000000000000000e+00 1.139716569767441889e+01 1.758393113342897962e+01
1.365700000000000000e+04 3.000000000000000000e+00 1.148312220839130049e+01 1.813928263988522360e+01
1.360900000000000000e+04 3.000000000000000000e+00 1.152362407230509156e+01 1.869710186513629679e+01
1.348900000000000000e+04 3.000000000000000000e+00 1.162613981762917881e+01 1.925121632392794524e+01
1.340400000000000000e+04 3.000000000000000000e+00 1.169986571172784195e+01 1.980755619320899186e+01
1.341100000000000000e+04 3.000000000000000000e+00 1.169375885467153786e+01 2.036118603538976402e+01
1.330000000000000000e+04 3.000000000000000000e+00 1.179135338345864703e+01 2.091970030288538140e+01
1.317500000000000000e+04 3.000000000000000000e+00 1.190322580645161210e+01 2.147501992666985515e+01
1.315600000000000000e+04 3.000000000000000000e+00 1.192041653998175654e+01 2.203240554758488656e+01
1.310300000000000000e+04 3.000000000000000000e+00 1.196863313744943902e+01 2.258620117965885399e+01
1.298300000000000000e+04 3.000000000000000000e+00 1.207925749056458464e+01 2.314241351825283033e+01
1.288000000000000000e+04 3.000000000000000000e+00 1.217585403726708115e+01 2.369366491311971856e+01
1.294900000000000000e+04 3.000000000000000000e+00 1.211097382037223014e+01 2.424538179499441881e+01
1.290000000000000000e+04 3.000000000000000000e+00 1.215697674418604635e+01 2.479523672883787810e+01
1.294300000000000000e+04 3.000000000000000000e+00 1.211658811712895023e+01 2.534811413996492746e+01
1.290400000000000000e+04 3.000000000000000000e+00 1.215320830750155068e+01 2.589908496732025966e+01
1.291200000000000000e+04 3.000000000000000000e+00 1.214567843866170982e+01 2.645183484776024230e+01
1.285700000000000000e+04 3.000000000000000000e+00 1.219763552928365868e+01 2.700357723577235802e+01
1.278100000000000000e+04 3.000000000000000000e+00 1.227016665362647707e+01 2.755741750358680164e+01
1.268000000000000000e+04 3.000000000000000000e+00 1.236790220820189212e+01 2.810922365694245073e+01
1.255000000000000000e+04 3.000000000000000000e+00 1.249601593625497920e+01 2.866260481428343709e+01
1.261400000000000000e+04 3.000000000000000000e+00 1.243261455525606429e+01 2.921356288857006334e+01
1.265300000000000000e+04 3.000000000000000000e+00 1.239429384335730688e+01 2.976670173760561156e+01
1.266600000000000000e+04 3.000000000000000000e+00 1.238157271435338735e+01 3.031843137254902132e+01
1.263800000000000000e+04 3.000000000000000000e+00 1.240900458933375461e+01 3.086988681651522270e+01
1.252700000000000000e+04 3.000000000000000000e+00 1.251895904845533636e+01 3.141839630161007335e+01
1.250800000000000000e+04 3.000000000000000000e+00 1.253797569555484515e+01 3.196863382751474703e+01
1.244300000000000000e+04 3.000000000000000000e+00 1.260347183155187700e+01 3.251780009564801333e+01
1.244300000000000000e+04 3.000000000000000000e+00 1.260347183155187700e+01 3.306835007173601326e+01
1.242600000000000000e+04 3.000000000000000000e+00 1.262071463061323051e+01 3.361610074924278990e+01
1.241700000000000000e+04 3.000000000000000000e+00 1.262986228557622681e+01 3.416284393432169963e+01
1.238400000000000000e+04 3.000000000000000000e+00 1.266351744186046524e+01 3.470692172804081110e+01
1.231200000000000000e+04 3.000000000000000000e+00 1.273757309941520433e+01 3.524985174557627943e+01
1.231500000000000000e+04 3.000000000000000000e+00 1.273447015834348406e+01 3.578990594611828158e+01
1.225200000000000000e+04 3.000000000000000000e+00 1.279995102840352672e+01 3.633057229395823384e+01
1.216600000000000000e+04 4.000000000000000000e+00 1.289043235245766894e+01 3.686942132950741069e+01
1.215200000000000000e+04 4.000000000000000000e+00 1.290528308097432486e+01 3.740886975928582814e+01
1.219100000000000000e+04 4.000000000000000000e+00 1.286399803133459052e+01 3.794810776343057768e+01
1.224300000000000000e+04 3.000000000000000000e+00 1.280936045086988528e+01 3.848743503905627250e+01
1.213400000000000000e+04 4.000000000000000000e+00 1.292442722927311749e+01 3.902497050852861804e+01
1.204800000000000000e+04 4.000000000000000000e+00 1.301668326693227051e+01 3.956134544874860381e+01
1.202400000000000000e+04 4.000000000000000000e+00 1.304266467065868262e+01 4.009719751315159897e+01
1.200300000000000000e+04 4.000000000000000000e+00 1.306548362909272676e+01 4.063468834688347187e+01
1.199500000000000000e+04 4.000000000000000000e+00 1.307419758232596863e+01 4.117089749721026948e+01
1.199300000000000000e+04 4.000000000000000000e+00 1.307637788710080962e+01 4.170702375259046590e+01
1.207500000000000000e+04 3.000000000000000000e+00 1.298757763975155299e+01 4.224184919496254054e+01
1.201600000000000000e+04 3.000000000000000000e+00 1.305134820239680415e+01 4.277871512832775380e+01
1.206900000000000000e+04 3.000000000000000000e+00 1.299403430275913429e+01 4.331540251873106939e+01
1.198500000000000000e+04 3.000000000000000000e+00 1.308510638297872397e+01 4.385145863223338125e+01
1.194700000000000000e+04 3.000000000000000000e+00 1.312672637482213034e+01 4.438663478399490003e+01
1.187900000000000000e+04 4.000000000000000000e+00 1.320186884417880258e+01 4.492241670652000352e+01
1.185800000000000000e+04 3.000000000000000000e+00 1.322524877719682834e+01 4.545761836441894133e+01
1.190400000000000000e+04 3.000000000000000000e+00 1.317414314516129004e+01 4.599299856527976971e+01
1.191000000000000000e+04 3.000000000000000000e+00 1.316750629722921850e+01 4.652645305276582377e+01
1.183700000000000000e+04 4.000000000000000000e+00 1.324871166680746803e+01 4.706015622509166008e+01
1.183600000000000000e+04 3.000000000000000000e+00 1.324983102399459334e+01 4.759338753387533671e+01
1.186500000000000000e+04 3.000000000000000000e+00 1.321744627054361487e+01 4.812630001594133233e+01
1.187900000000000000e+04 3.000000000000000000e+00 1.320186884417880258e+01 4.865841543121313606e+01
1.192000000000000000e+04 3.000000000000000000e+00 1.315645973154362380e+01 4.919203570859237828e+01
1.188700000000000000e+04 3.000000000000000000e+00 1.319298393202658382e+01 4.972519049896381205e+01
1.189600000000000000e+04 3.000000000000000000e+00 1.318300268997982450e+01 5.025919974493862696e+01
1.191500000000000000e+04 3.000000000000000000e+00 1.316198069660092251e+01 5.079256496094372864e+01
1.196700000000000000e+04 3.000000000000000000e+00 1.310478816746051578e+01 5.132480153036824788e+01
1.190300000000000000e+04 3.000000000000000000e+00 1.317524993699067437e+01 5.185505499760879644e+01
1.175600000000000000e+04 4.000000000000000000e+00 1.333999659748213595e+01 5.238505978000956276e+01
1.159100000000000000e+04 4.000000000000000000e+00 1.352989388318522934e+01 5.291587438227323759e+01
1.164500000000000000e+04 4.000000000000000000e+00 1.346715328467153228e+01 5.344610871991072543e+01
1.163500000000000000e+04 4.000000000000000000e+00 1.347872797593467986e+01 5.397515064562410458e+01
1.167800000000000000e+04 4.000000000000000000e+00 1.342909744819318441e+01 5.450371433126095866e+01
1.167100000000000000e+04 4.000000000000000000e+00 1.343715191500299966e+01 5.503248206599712944e+01
1.174400000000000000e+04 3.000000000000000000e+00 1.335362738419618545e+01 5.556211063287103258e+01
1.166200000000000000e+04 4.000000000000000000e+00 1.344752186588921283e+01 5.609027259684361866e+01
1.162600000000000000e+04 4.000000000000000000e+00 1.348916222260450759e+01 5.661657261278494957e+01
