2.651400000000000000e+04 3.459379950214980681e+00 5.914799728445349736e+00 1.000000000000000000e+00 7.583000000000000000e+03
2.676800000000000000e+04 3.006462940824865537e+00 5.858674536760310581e+00 2.000000000000000000e+00 5.852000000000000000e+03
2.695100000000000000e+04 2.683610997736633141e+00 5.818893547549255807e+00 2.407377650247090717e+00 5.030000000000000000e+03
2.687000000000000000e+04 2.486788239672497181e+00 5.836434685522887911e+00 2.696789414952973196e+00 4.384000000000000000e+03
2.672200000000000000e+04 2.357869919916173895e+00 5.868759823366514361e+00 2.863593177108241683e+00 3.947000000000000000e+03
2.661900000000000000e+04 2.270032683421616237e+00 5.891468499943648851e+00 2.987240554758488820e+00 3.470000000000000000e+03
2.649100000000000000e+04 2.207051451436337075e+00 5.919935072288701861e+00 3.063739837398374188e+00 3.186000000000000000e+03
2.643000000000000000e+04 2.158721150208096962e+00 5.933598183881952259e+00 3.121925713374780642e+00 2.830000000000000000e+03
2.634900000000000000e+04 2.126760028843599493e+00 5.951838779460320694e+00 3.162518731069663858e+00 2.604000000000000000e+03
2.630800000000000000e+04 2.100539759768891734e+00 5.961114489889006940e+00 3.193687230989957104e+00 2.337000000000000000e+03
2.623400000000000000e+04 2.083708164976747934e+00 5.977929404589463758e+00 3.215922206280886542e+00 2.162000000000000000e+03
2.618200000000000000e+04 2.069360629440073485e+00 5.989802154151707470e+00 3.234528933524629224e+00 1.987000000000000000e+03
2.615000000000000000e+04 2.057667304015296406e+00 5.997131931166348018e+00 3.249010043041606899e+00 1.806000000000000000e+03
2.610000000000000000e+04 2.047777777777777697e+00 6.008620689655172598e+00 3.261622827992985751e+00 1.693000000000000000e+03
2.607500000000000000e+04 2.041265580057526563e+00 6.014381591562799834e+00 3.271691375737286744e+00 1.553000000000000000e+03
2.606700000000000000e+04 2.033605708366900799e+00 6.016227413971688698e+00 3.280114777618364563e+00 1.429000000000000000e+03
2.603300000000000000e+04 2.028540698344408977e+00 6.024084815426573591e+00 3.286842021361390032e+00 1.372000000000000000e+03
2.603300000000000000e+04 2.023969577075250825e+00 6.024084815426573591e+00 3.292861469791168449e+00 1.247000000000000000e+03
2.602200000000000000e+04 2.020597955576051152e+00 6.026631311966797355e+00 3.298134863701578379e+00 1.147000000000000000e+03
2.599500000000000000e+04 2.017503366031929257e+00 6.032890940565493132e+00 3.302917264466762148e+00 1.097000000000000000e+03
2.600100000000000000e+04 2.013537940848428853e+00 6.031498788508134368e+00 3.306953610712577873e+00 1.003000000000000000e+03
2.598000000000000000e+04 2.012317167051578259e+00 6.036374133949191645e+00 3.310664753706360486e+00 9.580000000000000000e+02
2.597400000000000000e+04 2.011396011396011207e+00 6.037768537768537946e+00 3.313904033157978546e+00 8.800000000000000000e+02
2.595900000000000000e+04 2.009707615855772733e+00 6.041257367387033561e+00 3.316983899250757428e+00 8.480000000000000000e+02
2.595400000000000000e+04 2.008900362179240062e+00 6.042421206750404394e+00 3.319617407938785458e+00 7.890000000000000000e+02
2.594400000000000000e+04 2.008248535306814464e+00 6.044750231267345342e+00 3.322231787023752769e+00 7.350000000000000000e+02
2.594500000000000000e+04 2.007130468298323311e+00 6.044517248024667389e+00 3.324737765024709191e+00 6.860000000000000000e+02
2.592400000000000000e+04 2.007174818700817820e+00 6.049413670729825832e+00 3.326835644827036642e+00 6.710000000000000000e+02
2.592400000000000000e+04 2.005940441289924436e+00 6.049413670729825832e+00 3.328621074446038719e+00 6.370000000000000000e+02
2.592300000000000000e+04 2.005670639972225278e+00 6.049647031593565316e+00 3.330495775545990966e+00 5.840000000000000000e+02
2.592000000000000000e+04 2.004745370370370150e+00 6.050347222222222321e+00 3.332096285668738833e+00 5.540000000000000000e+02
2.591800000000000000e+04 2.003742572729377169e+00 6.050814106026699335e+00 3.333633030447951562e+00 5.300000000000000000e+02
2.591600000000000000e+04 2.003434171940114084e+00 6.051281061892267665e+00 3.335003985333970800e+00 4.970000000000000000e+02
2.590400000000000000e+04 2.003281346510191518e+00 6.054084311303273402e+00 3.336247409532918873e+00 4.840000000000000000e+02
2.590700000000000000e+04 2.002508974408461206e+00 6.053383255490794035e+00 3.337446197991391639e+00 4.500000000000000000e+02
2.590200000000000000e+04 2.002509458729055503e+00 6.054551772063933690e+00 3.338568468037621528e+00 4.280000000000000000e+02
2.589300000000000000e+04 2.002471710500907776e+00 6.056656239137990561e+00 3.339499442053244227e+00 4.260000000000000000e+02
2.589900000000000000e+04 2.001930576470134060e+00 6.055253098575234638e+00 3.340430416068866482e+00 3.860000000000000000e+02
2.588600000000000000e+04 2.002433747971876787e+00 6.058294058564475115e+00 3.341374143153196030e+00 3.880000000000000000e+02
2.588700000000000000e+04 2.001892841967010561e+00 6.058060030130953955e+00 3.342273234497050716e+00 3.600000000000000000e+02
2.588500000000000000e+04 2.001506664091172283e+00 6.058528105080162263e+00 3.343000159413358929e+00 3.520000000000000000e+02
2.588300000000000000e+04 2.001274968125796860e+00 6.058996252366418034e+00 3.343701578192252555e+00 3.400000000000000000e+02
2.588100000000000000e+04 2.001429620184691505e+00 6.059464472006490965e+00 3.344402996971146180e+00 3.160000000000000000e+02
2.588400000000000000e+04 2.001120383248338630e+00 6.058762169680111498e+00 3.345149051490515113e+00 2.870000000000000000e+02
2.587400000000000000e+04 2.001661899976810766e+00 6.061103810775295919e+00 3.345939741750358465e+00 2.850000000000000000e+02
2.587900000000000000e+04 2.001545654778005279e+00 6.059932764017156970e+00 3.346743185078909555e+00 2.570000000000000000e+02
2.587100000000000000e+04 2.001391519461945823e+00 6.061806656101426327e+00 3.347406344651681742e+00 2.550000000000000000e+02
2.587200000000000000e+04 2.001004947433518755e+00 6.061572356215213730e+00 3.348082257293161224e+00 2.390000000000000000e+02
2.586500000000000000e+04 2.001237193118113211e+00 6.063212835878600160e+00 3.348624262713215227e+00 2.400000000000000000e+02
2.587100000000000000e+04 2.000966332959684735e+00 6.061806656101426327e+00 3.349128008927148237e+00 2.130000000000000000e+02
2.587000000000000000e+04 2.000657131812910716e+00 6.062040974101275737e+00 3.349536107125777207e+00 2.060000000000000000e+02
2.586600000000000000e+04 2.000927858965437345e+00 6.062978427279053228e+00 3.349995217599234909e+00 2.050000000000000000e+02
2.587100000000000000e+04 2.000463839820648460e+00 6.061806656101426327e+00 3.350409692332217304e+00 1.830000000000000000e+02
2.586800000000000000e+04 2.000657182619452801e+00 6.062509664450286273e+00 3.350843296668260862e+00 1.800000000000000000e+02
2.586400000000000000e+04 2.000695948035879912e+00 6.063447262604392485e+00 3.351111111111110930e+00 1.810000000000000000e+02
2.586700000000000000e+04 2.000463911547531559e+00 6.062744036803649372e+00 3.351372549019608016e+00 1.710000000000000000e+02
2.586400000000000000e+04 2.000657284256108781e+00 6.063447262604392485e+00 3.351602104256336645e+00 1.670000000000000000e+02
2.586300000000000000e+04 2.000463983296601356e+00 6.063681707458531633e+00 3.351869918699187156e+00 1.620000000000000000e+02
2.586500000000000000e+04 2.000309298279528303e+00 6.063212835878600160e+00 3.352144109676391093e+00 1.540000000000000000e+02
2.586500000000000000e+04 2.000309298279528303e+00 6.063212835878600160e+00 3.352360911844412428e+00 1.470000000000000000e+02
2.586000000000000000e+04 2.000386697602474673e+00 6.064385150812064751e+00 3.352584090546787632e+00 1.510000000000000000e+02
2.586700000000000000e+04 2.000038659295627852e+00 6.062744036803649372e+00 3.352839151920930849e+00 1.300000000000000000e+02
2.586400000000000000e+04 2.000077327559542262e+00 6.063447262604392485e+00 3.353036824485891909e+00 1.330000000000000000e+02
2.586200000000000000e+04 2.000193333848890198e+00 6.063916170443120812e+00 3.353202614379084956e+00 1.310000000000000000e+02
2.586400000000000000e+04 1.999884008660686607e+00 6.063447262604392485e+00 3.353362027737924578e+00 1.260000000000000000e+02
2.586300000000000000e+04 2.000000000000000000e+00 6.063681707458531633e+00 3.353521441096763755e+00 1.240000000000000000e+02
2.586200000000000000e+04 2.000000000000000000e+00 6.063916170443120812e+00 3.353674477921249952e+00 1.240000000000000000e+02
2.585800000000000000e+04 2.000270709258256563e+00 6.064854203728053506e+00 3.353865773951857143e+00 1.250000000000000000e+02
2.586000000000000000e+04 2.000038669760247689e+00 6.064385150812064751e+00 3.354025187310696765e+00 1.180000000000000000e+02
2.585800000000000000e+04 2.000193363755897735e+00 6.064854203728053506e+00 3.354184600669535943e+00 1.170000000000000000e+02
2.585700000000000000e+04 2.000232045480914156e+00 6.065088757396449815e+00 3.354375896700143578e+00 1.130000000000000000e+02
2.585800000000000000e+04 2.000154691004718099e+00 6.064854203728053506e+00 3.354516180455922036e+00 1.060000000000000000e+02
2.585700000000000000e+04 2.000154696987276104e+00 6.065088757396449815e+00 3.354624581539932926e+00 1.080000000000000000e+02
2.585800000000000000e+04 2.000270709258256563e+00 6.064854203728053506e+00 3.354752112227004535e+00 9.700000000000000000e+01
2.585900000000000000e+04 2.000193356278278323e+00 6.064619668200626812e+00 3.354866889845368849e+00 9.100000000000000000e+01
2.585900000000000000e+04 2.000232027533933810e+00 6.064619668200626812e+00 3.355019926669855046e+00 8.600000000000000000e+01
2.585600000000000000e+04 2.000309405940594143e+00 6.065323329207920722e+00 3.355172963494340799e+00 9.100000000000000000e+01
2.585700000000000000e+04 2.000193371234095352e+00 6.065088757396449815e+00 3.355287741112705113e+00 8.600000000000000000e+01
2.585600000000000000e+04 2.000309405940594143e+00 6.065323329207920722e+00 3.355383389128008709e+00 8.400000000000000000e+01
2.585600000000000000e+04 2.000270730198019820e+00 6.065323329207920722e+00 3.355479037143312748e+00 8.100000000000000000e+01
2.585400000000000000e+04 2.000386787344317963e+00 6.065792527268508039e+00 3.355587438227323638e+00 8.000000000000000000e+01
2.585700000000000000e+04 2.000116022740457300e+00 6.065088757396449815e+00 3.355689462776980658e+00 7.300000000000000000e+01
2.585600000000000000e+04 2.000154702970296849e+00 6.065323329207920722e+00 3.355772357723577404e+00 7.300000000000000000e+01
2.585600000000000000e+04 2.000077351485148647e+00 6.065323329207920722e+00 3.355855252670173705e+00 7.200000000000000000e+01
2.585400000000000000e+04 2.000193393672159203e+00 6.065792527268508039e+00 3.355912641479355862e+00 7.300000000000000000e+01
2.585400000000000000e+04 2.000193393672159203e+00 6.065792527268508039e+00 3.355989159891598739e+00 7.100000000000000000e+01
2.585500000000000000e+04 2.000116031715335474e+00 6.065557919164571210e+00 3.356027419097720177e+00 6.600000000000000000e+01
2.585300000000000000e+04 2.000116040691602315e+00 6.066027153521835302e+00 3.356065678303842059e+00 6.900000000000000000e+01
2.585400000000000000e+04 2.000116036203295256e+00 6.065792527268508039e+00 3.356129443647377641e+00 6.600000000000000000e+01
2.585500000000000000e+04 2.000154708953780780e+00 6.065557919164571210e+00 3.356186832456559799e+00 6.000000000000000000e+01
2.585300000000000000e+04 2.000309441844273284e+00 6.066027153521835302e+00 3.356307986609277982e+00 5.900000000000000000e+01
2.585400000000000000e+04 2.000270751141022707e+00 6.065792527268508039e+00 3.356441893830703016e+00 5.300000000000000000e+01
2.585400000000000000e+04 2.000270751141022707e+00 6.065792527268508039e+00 3.356537541846006611e+00 4.900000000000000000e+01
2.585500000000000000e+04 2.000154708953780780e+00 6.065557919164571210e+00 3.356601307189542638e+00 4.400000000000000000e+01
2.585300000000000000e+04 2.000154720922136864e+00 6.066027153521835302e+00 3.356639566395664076e+00 4.700000000000000000e+01
2.585500000000000000e+04 1.999883968284664526e+00 6.065557919164571210e+00 3.356665072533078220e+00 4.400000000000000000e+01
2.585600000000000000e+04 1.999845297029702929e+00 6.065323329207920722e+00 3.356677825601785514e+00 4.300000000000000000e+01
2.585300000000000000e+04 1.999961319769465895e+00 6.066027153521835302e+00 3.356690578670492808e+00 4.700000000000000000e+01
2.585600000000000000e+04 1.999922648514851575e+00 6.065323329207920722e+00 3.356716084807906952e+00 3.900000000000000000e+01
2.585300000000000000e+04 2.000038680230534105e+00 6.066027153521835302e+00 3.356735214410967671e+00 4.500000000000000000e+01
